PumpedStorageSpinningUpReserves_index_1,PumpedStorageSpinningUpReserves_index_2,PumpedStorageSpinningUpReserves
Lake_Wilson,2007011200,0.0
Lake_Wilson,2007011202,0.0
Lake_Wilson,2007011204,0.0
Lake_Wilson,2007011206,0.0
Lake_Wilson,2007011208,0.0
Lake_Wilson,2007011210,0.0
Lake_Wilson,2007011212,0.0
Lake_Wilson,2007011214,0.0
Lake_Wilson,2007011216,0.0
Lake_Wilson,2007011218,0.0
Lake_Wilson,2007011220,0.0
Lake_Wilson,2007011222,0.0
Lake_Wilson,2007011900,0.0
Lake_Wilson,2007011902,0.0
Lake_Wilson,2007011904,0.0
Lake_Wilson,2007011906,0.0
Lake_Wilson,2007011908,0.0
Lake_Wilson,2007011910,0.0
Lake_Wilson,2007011912,0.0
Lake_Wilson,2007011914,0.0
Lake_Wilson,2007011916,0.0
Lake_Wilson,2007011918,0.0
Lake_Wilson,2007011920,0.0
Lake_Wilson,2007011922,0.0
Lake_Wilson,2007021200,0.0
Lake_Wilson,2007021202,0.0
Lake_Wilson,2007021204,0.0
Lake_Wilson,2007021206,0.0
Lake_Wilson,2007021208,0.0
Lake_Wilson,2007021210,0.0
Lake_Wilson,2007021212,0.0
Lake_Wilson,2007021214,0.0
Lake_Wilson,2007021216,0.0
Lake_Wilson,2007021218,0.0
Lake_Wilson,2007021220,0.0
Lake_Wilson,2007021222,0.0
Lake_Wilson,2007050200,0.0
Lake_Wilson,2007050202,0.0
Lake_Wilson,2007050204,0.0
Lake_Wilson,2007050206,0.0
Lake_Wilson,2007050208,0.0
Lake_Wilson,2007050210,0.0
Lake_Wilson,2007050212,0.0
Lake_Wilson,2007050214,0.0
Lake_Wilson,2007050216,0.0
Lake_Wilson,2007050218,0.0
Lake_Wilson,2007050220,0.0
Lake_Wilson,2007050222,0.0
Lake_Wilson,2007092200,0.0
Lake_Wilson,2007092202,0.0
Lake_Wilson,2007092204,0.0
Lake_Wilson,2007092206,0.0
Lake_Wilson,2007092208,0.0
Lake_Wilson,2007092210,0.0
Lake_Wilson,2007092212,0.0
Lake_Wilson,2007092214,0.0
Lake_Wilson,2007092216,0.0
Lake_Wilson,2007092218,0.0
Lake_Wilson,2007092220,0.0
Lake_Wilson,2007092222,0.0
Lake_Wilson,2007102700,0.0
Lake_Wilson,2007102702,0.0
Lake_Wilson,2007102704,0.0
Lake_Wilson,2007102706,0.0
Lake_Wilson,2007102708,0.0
Lake_Wilson,2007102710,0.0
Lake_Wilson,2007102712,0.0
Lake_Wilson,2007102714,0.0
Lake_Wilson,2007102716,0.0
Lake_Wilson,2007102718,0.0
Lake_Wilson,2007102720,0.0
Lake_Wilson,2007102722,0.0
Lake_Wilson,2007121500,0.0
Lake_Wilson,2007121502,0.0
Lake_Wilson,2007121504,0.0
Lake_Wilson,2007121506,0.0
Lake_Wilson,2007121508,0.0
Lake_Wilson,2007121510,0.0
Lake_Wilson,2007121512,0.0
Lake_Wilson,2007121514,0.0
Lake_Wilson,2007121516,0.0
Lake_Wilson,2007121518,0.0
Lake_Wilson,2007121520,0.0
Lake_Wilson,2007121522,0.0
Lake_Wilson,2008022000,0.0
Lake_Wilson,2008022002,0.0
Lake_Wilson,2008022004,0.0
Lake_Wilson,2008022006,0.0
Lake_Wilson,2008022008,0.0
Lake_Wilson,2008022010,0.0
Lake_Wilson,2008022012,0.0
Lake_Wilson,2008022014,0.0
Lake_Wilson,2008022016,0.0
Lake_Wilson,2008022018,0.0
Lake_Wilson,2008022020,0.0
Lake_Wilson,2008022022,0.0
Lake_Wilson,2008041000,0.0
Lake_Wilson,2008041002,0.0
Lake_Wilson,2008041004,0.0
Lake_Wilson,2008041006,0.0
Lake_Wilson,2008041008,0.0
Lake_Wilson,2008041010,0.0
Lake_Wilson,2008041012,0.0
Lake_Wilson,2008041014,0.0
Lake_Wilson,2008041016,0.0
Lake_Wilson,2008041018,0.0
Lake_Wilson,2008041020,0.0
Lake_Wilson,2008041022,0.0
Lake_Wilson,2008061700,0.0
Lake_Wilson,2008061702,0.0
Lake_Wilson,2008061704,0.0
Lake_Wilson,2008061706,0.0
Lake_Wilson,2008061708,0.0
Lake_Wilson,2008061710,0.0
Lake_Wilson,2008061712,0.0
Lake_Wilson,2008061714,0.0
Lake_Wilson,2008061716,0.0
Lake_Wilson,2008061718,0.0
Lake_Wilson,2008061720,0.0
Lake_Wilson,2008061722,0.0
Lake_Wilson,2008081800,0.0
Lake_Wilson,2008081802,0.0
Lake_Wilson,2008081804,0.0
Lake_Wilson,2008081806,0.0
Lake_Wilson,2008081808,0.0
Lake_Wilson,2008081810,0.0
Lake_Wilson,2008081812,0.0
Lake_Wilson,2008081814,0.0
Lake_Wilson,2008081816,0.0
Lake_Wilson,2008081818,0.0
Lake_Wilson,2008081820,0.0
Lake_Wilson,2008081822,0.0
Lake_Wilson,2008091000,0.0
Lake_Wilson,2008091002,0.0
Lake_Wilson,2008091004,0.0
Lake_Wilson,2008091006,0.0
Lake_Wilson,2008091008,0.0
Lake_Wilson,2008091010,0.0
Lake_Wilson,2008091012,0.0
Lake_Wilson,2008091014,0.0
Lake_Wilson,2008091016,0.0
Lake_Wilson,2008091018,0.0
Lake_Wilson,2008091020,0.0
Lake_Wilson,2008091022,0.0
Lake_Wilson,2008112200,0.0
Lake_Wilson,2008112202,0.0
Lake_Wilson,2008112204,0.0
Lake_Wilson,2008112206,0.0
Lake_Wilson,2008112208,0.0
Lake_Wilson,2008112210,0.0
Lake_Wilson,2008112212,0.0
Lake_Wilson,2008112214,0.0
Lake_Wilson,2008112216,0.0
Lake_Wilson,2008112218,0.0
Lake_Wilson,2008112220,0.0
Lake_Wilson,2008112222,0.0
Lake_Wilson,2107011200,0.0
Lake_Wilson,2107011202,0.0
Lake_Wilson,2107011204,0.0
Lake_Wilson,2107011206,0.0
Lake_Wilson,2107011208,0.0
Lake_Wilson,2107011210,0.0
Lake_Wilson,2107011212,0.0
Lake_Wilson,2107011214,0.0
Lake_Wilson,2107011216,0.0
Lake_Wilson,2107011218,0.0
Lake_Wilson,2107011220,0.0
Lake_Wilson,2107011222,0.0
Lake_Wilson,2107011900,0.0
Lake_Wilson,2107011902,0.0
Lake_Wilson,2107011904,0.0
Lake_Wilson,2107011906,0.0
Lake_Wilson,2107011908,0.0
Lake_Wilson,2107011910,0.0
Lake_Wilson,2107011912,0.0
Lake_Wilson,2107011914,0.0
Lake_Wilson,2107011916,0.0
Lake_Wilson,2107011918,0.0
Lake_Wilson,2107011920,0.0
Lake_Wilson,2107011922,0.0
Lake_Wilson,2107021200,0.0
Lake_Wilson,2107021202,0.0
Lake_Wilson,2107021204,0.0
Lake_Wilson,2107021206,0.0
Lake_Wilson,2107021208,0.0
Lake_Wilson,2107021210,0.0
Lake_Wilson,2107021212,0.0
Lake_Wilson,2107021214,0.0
Lake_Wilson,2107021216,0.0
Lake_Wilson,2107021218,0.0
Lake_Wilson,2107021220,0.0
Lake_Wilson,2107021222,0.0
Lake_Wilson,2107050200,0.0
Lake_Wilson,2107050202,0.0
Lake_Wilson,2107050204,0.0
Lake_Wilson,2107050206,0.0
Lake_Wilson,2107050208,0.0
Lake_Wilson,2107050210,0.0
Lake_Wilson,2107050212,0.0
Lake_Wilson,2107050214,0.0
Lake_Wilson,2107050216,0.0
Lake_Wilson,2107050218,0.0
Lake_Wilson,2107050220,0.0
Lake_Wilson,2107050222,0.0
Lake_Wilson,2107092200,0.0
Lake_Wilson,2107092202,0.0
Lake_Wilson,2107092204,0.0
Lake_Wilson,2107092206,0.0
Lake_Wilson,2107092208,0.0
Lake_Wilson,2107092210,0.0
Lake_Wilson,2107092212,0.0
Lake_Wilson,2107092214,0.0
Lake_Wilson,2107092216,0.0
Lake_Wilson,2107092218,0.0
Lake_Wilson,2107092220,0.0
Lake_Wilson,2107092222,0.0
Lake_Wilson,2107102700,0.0
Lake_Wilson,2107102702,0.0
Lake_Wilson,2107102704,0.0
Lake_Wilson,2107102706,0.0
Lake_Wilson,2107102708,0.0
Lake_Wilson,2107102710,0.0
Lake_Wilson,2107102712,0.0
Lake_Wilson,2107102714,0.0
Lake_Wilson,2107102716,0.0
Lake_Wilson,2107102718,0.0
Lake_Wilson,2107102720,0.0
Lake_Wilson,2107102722,0.0
Lake_Wilson,2107121500,0.0
Lake_Wilson,2107121502,0.0
Lake_Wilson,2107121504,0.0
Lake_Wilson,2107121506,0.0
Lake_Wilson,2107121508,0.0
Lake_Wilson,2107121510,0.0
Lake_Wilson,2107121512,0.0
Lake_Wilson,2107121514,0.0
Lake_Wilson,2107121516,0.0
Lake_Wilson,2107121518,0.0
Lake_Wilson,2107121520,0.0
Lake_Wilson,2107121522,0.0
Lake_Wilson,2108022000,0.0
Lake_Wilson,2108022002,0.0
Lake_Wilson,2108022004,0.0
Lake_Wilson,2108022006,0.0
Lake_Wilson,2108022008,0.0
Lake_Wilson,2108022010,0.0
Lake_Wilson,2108022012,0.0
Lake_Wilson,2108022014,0.0
Lake_Wilson,2108022016,0.0
Lake_Wilson,2108022018,0.0
Lake_Wilson,2108022020,0.0
Lake_Wilson,2108022022,0.0
Lake_Wilson,2108041000,0.0
Lake_Wilson,2108041002,0.0
Lake_Wilson,2108041004,0.0
Lake_Wilson,2108041006,0.0
Lake_Wilson,2108041008,0.0
Lake_Wilson,2108041010,0.0
Lake_Wilson,2108041012,0.0
Lake_Wilson,2108041014,0.0
Lake_Wilson,2108041016,0.0
Lake_Wilson,2108041018,0.0
Lake_Wilson,2108041020,0.0
Lake_Wilson,2108041022,0.0
Lake_Wilson,2108061700,0.0
Lake_Wilson,2108061702,0.0
Lake_Wilson,2108061704,0.0
Lake_Wilson,2108061706,0.0
Lake_Wilson,2108061708,0.0
Lake_Wilson,2108061710,0.0
Lake_Wilson,2108061712,0.0
Lake_Wilson,2108061714,0.0
Lake_Wilson,2108061716,0.0
Lake_Wilson,2108061718,0.0
Lake_Wilson,2108061720,0.0
Lake_Wilson,2108061722,0.0
Lake_Wilson,2108081800,0.0
Lake_Wilson,2108081802,0.0
Lake_Wilson,2108081804,0.0
Lake_Wilson,2108081806,0.0
Lake_Wilson,2108081808,0.0
Lake_Wilson,2108081810,0.0
Lake_Wilson,2108081812,0.0
Lake_Wilson,2108081814,0.0
Lake_Wilson,2108081816,0.0
Lake_Wilson,2108081818,0.0
Lake_Wilson,2108081820,0.0
Lake_Wilson,2108081822,0.0
Lake_Wilson,2108091000,0.0
Lake_Wilson,2108091002,0.0
Lake_Wilson,2108091004,0.0
Lake_Wilson,2108091006,0.0
Lake_Wilson,2108091008,0.0
Lake_Wilson,2108091010,0.0
Lake_Wilson,2108091012,0.0
Lake_Wilson,2108091014,0.0
Lake_Wilson,2108091016,0.0
Lake_Wilson,2108091018,0.0
Lake_Wilson,2108091020,0.0
Lake_Wilson,2108091022,0.0
Lake_Wilson,2108112200,0.0
Lake_Wilson,2108112202,0.0
Lake_Wilson,2108112204,0.0
Lake_Wilson,2108112206,0.0
Lake_Wilson,2108112208,0.0
Lake_Wilson,2108112210,0.0
Lake_Wilson,2108112212,0.0
Lake_Wilson,2108112214,0.0
Lake_Wilson,2108112216,0.0
Lake_Wilson,2108112218,0.0
Lake_Wilson,2108112220,0.0
Lake_Wilson,2108112222,0.0
Lake_Wilson,2207011200,0.0
Lake_Wilson,2207011202,0.0
Lake_Wilson,2207011204,0.0
Lake_Wilson,2207011206,0.0
Lake_Wilson,2207011208,0.0
Lake_Wilson,2207011210,0.0
Lake_Wilson,2207011212,0.0
Lake_Wilson,2207011214,0.0
Lake_Wilson,2207011216,0.0
Lake_Wilson,2207011218,0.0
Lake_Wilson,2207011220,0.0
Lake_Wilson,2207011222,0.0
Lake_Wilson,2207011900,0.0
Lake_Wilson,2207011902,0.0
Lake_Wilson,2207011904,0.0
Lake_Wilson,2207011906,0.0
Lake_Wilson,2207011908,0.0
Lake_Wilson,2207011910,0.0
Lake_Wilson,2207011912,0.0
Lake_Wilson,2207011914,0.0
Lake_Wilson,2207011916,0.0
Lake_Wilson,2207011918,0.0
Lake_Wilson,2207011920,0.0
Lake_Wilson,2207011922,0.0
Lake_Wilson,2207021200,0.0
Lake_Wilson,2207021202,0.0
Lake_Wilson,2207021204,0.0
Lake_Wilson,2207021206,0.0
Lake_Wilson,2207021208,0.0
Lake_Wilson,2207021210,0.0
Lake_Wilson,2207021212,0.0
Lake_Wilson,2207021214,0.0
Lake_Wilson,2207021216,0.0
Lake_Wilson,2207021218,0.0
Lake_Wilson,2207021220,0.0
Lake_Wilson,2207021222,0.0
Lake_Wilson,2207050200,0.0
Lake_Wilson,2207050202,0.0
Lake_Wilson,2207050204,0.0
Lake_Wilson,2207050206,0.0
Lake_Wilson,2207050208,0.0
Lake_Wilson,2207050210,0.0
Lake_Wilson,2207050212,0.0
Lake_Wilson,2207050214,0.0
Lake_Wilson,2207050216,0.0
Lake_Wilson,2207050218,0.0
Lake_Wilson,2207050220,0.0
Lake_Wilson,2207050222,0.0
Lake_Wilson,2207092200,0.0
Lake_Wilson,2207092202,0.0
Lake_Wilson,2207092204,0.0
Lake_Wilson,2207092206,0.0
Lake_Wilson,2207092208,0.0
Lake_Wilson,2207092210,0.0
Lake_Wilson,2207092212,0.0
Lake_Wilson,2207092214,0.0
Lake_Wilson,2207092216,0.0
Lake_Wilson,2207092218,0.0
Lake_Wilson,2207092220,0.0
Lake_Wilson,2207092222,0.0
Lake_Wilson,2207102700,0.0
Lake_Wilson,2207102702,0.0
Lake_Wilson,2207102704,0.0
Lake_Wilson,2207102706,0.0
Lake_Wilson,2207102708,0.0
Lake_Wilson,2207102710,0.0
Lake_Wilson,2207102712,0.0
Lake_Wilson,2207102714,0.0
Lake_Wilson,2207102716,0.0
Lake_Wilson,2207102718,0.0
Lake_Wilson,2207102720,0.0
Lake_Wilson,2207102722,0.0
Lake_Wilson,2207121500,0.0
Lake_Wilson,2207121502,0.0
Lake_Wilson,2207121504,0.0
Lake_Wilson,2207121506,0.0
Lake_Wilson,2207121508,0.0
Lake_Wilson,2207121510,0.0
Lake_Wilson,2207121512,0.0
Lake_Wilson,2207121514,0.0
Lake_Wilson,2207121516,0.0
Lake_Wilson,2207121518,0.0
Lake_Wilson,2207121520,0.0
Lake_Wilson,2207121522,0.0
Lake_Wilson,2208022000,0.0
Lake_Wilson,2208022002,0.0
Lake_Wilson,2208022004,0.0
Lake_Wilson,2208022006,0.0
Lake_Wilson,2208022008,0.0
Lake_Wilson,2208022010,0.0
Lake_Wilson,2208022012,0.0
Lake_Wilson,2208022014,0.0
Lake_Wilson,2208022016,0.0
Lake_Wilson,2208022018,0.0
Lake_Wilson,2208022020,0.0
Lake_Wilson,2208022022,0.0
Lake_Wilson,2208041000,0.0
Lake_Wilson,2208041002,0.0
Lake_Wilson,2208041004,0.0
Lake_Wilson,2208041006,0.0
Lake_Wilson,2208041008,0.0
Lake_Wilson,2208041010,0.0
Lake_Wilson,2208041012,0.0
Lake_Wilson,2208041014,0.0
Lake_Wilson,2208041016,0.0
Lake_Wilson,2208041018,0.0
Lake_Wilson,2208041020,0.0
Lake_Wilson,2208041022,0.0
Lake_Wilson,2208061700,0.0
Lake_Wilson,2208061702,0.0
Lake_Wilson,2208061704,0.0
Lake_Wilson,2208061706,0.0
Lake_Wilson,2208061708,0.0
Lake_Wilson,2208061710,0.0
Lake_Wilson,2208061712,0.0
Lake_Wilson,2208061714,0.0
Lake_Wilson,2208061716,0.0
Lake_Wilson,2208061718,0.0
Lake_Wilson,2208061720,0.0
Lake_Wilson,2208061722,0.0
Lake_Wilson,2208081800,0.0
Lake_Wilson,2208081802,0.0
Lake_Wilson,2208081804,0.0
Lake_Wilson,2208081806,0.0
Lake_Wilson,2208081808,0.0
Lake_Wilson,2208081810,0.0
Lake_Wilson,2208081812,0.0
Lake_Wilson,2208081814,0.0
Lake_Wilson,2208081816,0.0
Lake_Wilson,2208081818,0.0
Lake_Wilson,2208081820,0.0
Lake_Wilson,2208081822,0.0
Lake_Wilson,2208091000,0.0
Lake_Wilson,2208091002,0.0
Lake_Wilson,2208091004,0.0
Lake_Wilson,2208091006,0.0
Lake_Wilson,2208091008,0.0
Lake_Wilson,2208091010,0.0
Lake_Wilson,2208091012,0.0
Lake_Wilson,2208091014,0.0
Lake_Wilson,2208091016,0.0
Lake_Wilson,2208091018,0.0
Lake_Wilson,2208091020,0.0
Lake_Wilson,2208091022,0.0
Lake_Wilson,2208112200,0.0
Lake_Wilson,2208112202,0.0
Lake_Wilson,2208112204,0.0
Lake_Wilson,2208112206,0.0
Lake_Wilson,2208112208,0.0
Lake_Wilson,2208112210,0.0
Lake_Wilson,2208112212,0.0
Lake_Wilson,2208112214,0.0
Lake_Wilson,2208112216,0.0
Lake_Wilson,2208112218,0.0
Lake_Wilson,2208112220,0.0
Lake_Wilson,2208112222,0.0
Lake_Wilson,2307011200,0.0
Lake_Wilson,2307011202,0.0
Lake_Wilson,2307011204,0.0
Lake_Wilson,2307011206,0.0
Lake_Wilson,2307011208,0.0
Lake_Wilson,2307011210,0.0
Lake_Wilson,2307011212,0.0
Lake_Wilson,2307011214,0.0
Lake_Wilson,2307011216,0.0
Lake_Wilson,2307011218,0.0
Lake_Wilson,2307011220,0.0
Lake_Wilson,2307011222,0.0
Lake_Wilson,2307011900,0.0
Lake_Wilson,2307011902,0.0
Lake_Wilson,2307011904,0.0
Lake_Wilson,2307011906,0.0
Lake_Wilson,2307011908,0.0
Lake_Wilson,2307011910,0.0
Lake_Wilson,2307011912,0.0
Lake_Wilson,2307011914,0.0
Lake_Wilson,2307011916,0.0
Lake_Wilson,2307011918,0.0
Lake_Wilson,2307011920,0.0
Lake_Wilson,2307011922,0.0
Lake_Wilson,2307021200,0.0
Lake_Wilson,2307021202,0.0
Lake_Wilson,2307021204,0.0
Lake_Wilson,2307021206,0.0
Lake_Wilson,2307021208,0.0
Lake_Wilson,2307021210,0.0
Lake_Wilson,2307021212,0.0
Lake_Wilson,2307021214,0.0
Lake_Wilson,2307021216,0.0
Lake_Wilson,2307021218,0.0
Lake_Wilson,2307021220,0.0
Lake_Wilson,2307021222,0.0
Lake_Wilson,2307050200,0.0
Lake_Wilson,2307050202,0.0
Lake_Wilson,2307050204,0.0
Lake_Wilson,2307050206,0.0
Lake_Wilson,2307050208,0.0
Lake_Wilson,2307050210,0.0
Lake_Wilson,2307050212,0.0
Lake_Wilson,2307050214,0.0
Lake_Wilson,2307050216,0.0
Lake_Wilson,2307050218,0.0
Lake_Wilson,2307050220,0.0
Lake_Wilson,2307050222,0.0
Lake_Wilson,2307092200,0.0
Lake_Wilson,2307092202,0.0
Lake_Wilson,2307092204,0.0
Lake_Wilson,2307092206,0.0
Lake_Wilson,2307092208,0.0
Lake_Wilson,2307092210,0.0
Lake_Wilson,2307092212,0.0
Lake_Wilson,2307092214,0.0
Lake_Wilson,2307092216,0.0
Lake_Wilson,2307092218,0.0
Lake_Wilson,2307092220,0.0
Lake_Wilson,2307092222,0.0
Lake_Wilson,2307102700,0.0
Lake_Wilson,2307102702,0.0
Lake_Wilson,2307102704,0.0
Lake_Wilson,2307102706,0.0
Lake_Wilson,2307102708,0.0
Lake_Wilson,2307102710,0.0
Lake_Wilson,2307102712,0.0
Lake_Wilson,2307102714,0.0
Lake_Wilson,2307102716,0.0
Lake_Wilson,2307102718,0.0
Lake_Wilson,2307102720,0.0
Lake_Wilson,2307102722,0.0
Lake_Wilson,2307121500,0.0
Lake_Wilson,2307121502,0.0
Lake_Wilson,2307121504,0.0
Lake_Wilson,2307121506,0.0
Lake_Wilson,2307121508,0.0
Lake_Wilson,2307121510,0.0
Lake_Wilson,2307121512,0.0
Lake_Wilson,2307121514,0.0
Lake_Wilson,2307121516,0.0
Lake_Wilson,2307121518,0.0
Lake_Wilson,2307121520,0.0
Lake_Wilson,2307121522,0.0
Lake_Wilson,2308022000,0.0
Lake_Wilson,2308022002,0.0
Lake_Wilson,2308022004,0.0
Lake_Wilson,2308022006,0.0
Lake_Wilson,2308022008,0.0
Lake_Wilson,2308022010,0.0
Lake_Wilson,2308022012,0.0
Lake_Wilson,2308022014,0.0
Lake_Wilson,2308022016,0.0
Lake_Wilson,2308022018,0.0
Lake_Wilson,2308022020,0.0
Lake_Wilson,2308022022,0.0
Lake_Wilson,2308041000,0.0
Lake_Wilson,2308041002,0.0
Lake_Wilson,2308041004,0.0
Lake_Wilson,2308041006,0.0
Lake_Wilson,2308041008,0.0
Lake_Wilson,2308041010,0.0
Lake_Wilson,2308041012,0.0
Lake_Wilson,2308041014,0.0
Lake_Wilson,2308041016,0.0
Lake_Wilson,2308041018,0.0
Lake_Wilson,2308041020,0.0
Lake_Wilson,2308041022,0.0
Lake_Wilson,2308061700,0.0
Lake_Wilson,2308061702,0.0
Lake_Wilson,2308061704,0.0
Lake_Wilson,2308061706,0.0
Lake_Wilson,2308061708,0.0
Lake_Wilson,2308061710,0.0
Lake_Wilson,2308061712,0.0
Lake_Wilson,2308061714,0.0
Lake_Wilson,2308061716,0.0
Lake_Wilson,2308061718,0.0
Lake_Wilson,2308061720,0.0
Lake_Wilson,2308061722,0.0
Lake_Wilson,2308081800,0.0
Lake_Wilson,2308081802,0.0
Lake_Wilson,2308081804,0.0
Lake_Wilson,2308081806,0.0
Lake_Wilson,2308081808,0.0
Lake_Wilson,2308081810,0.0
Lake_Wilson,2308081812,0.0
Lake_Wilson,2308081814,0.0
Lake_Wilson,2308081816,0.0
Lake_Wilson,2308081818,0.0
Lake_Wilson,2308081820,0.0
Lake_Wilson,2308081822,0.0
Lake_Wilson,2308091000,0.0
Lake_Wilson,2308091002,0.0
Lake_Wilson,2308091004,0.0
Lake_Wilson,2308091006,0.0
Lake_Wilson,2308091008,0.0
Lake_Wilson,2308091010,0.0
Lake_Wilson,2308091012,0.0
Lake_Wilson,2308091014,0.0
Lake_Wilson,2308091016,0.0
Lake_Wilson,2308091018,0.0
Lake_Wilson,2308091020,0.0
Lake_Wilson,2308091022,0.0
Lake_Wilson,2308112200,0.0
Lake_Wilson,2308112202,0.0
Lake_Wilson,2308112204,0.0
Lake_Wilson,2308112206,0.0
Lake_Wilson,2308112208,0.0
Lake_Wilson,2308112210,0.0
Lake_Wilson,2308112212,0.0
Lake_Wilson,2308112214,0.0
Lake_Wilson,2308112216,0.0
Lake_Wilson,2308112218,0.0
Lake_Wilson,2308112220,0.0
Lake_Wilson,2308112222,0.0
Lake_Wilson,2407011200,0.0
Lake_Wilson,2407011202,0.0
Lake_Wilson,2407011204,0.0
Lake_Wilson,2407011206,0.0
Lake_Wilson,2407011208,0.0
Lake_Wilson,2407011210,0.0
Lake_Wilson,2407011212,0.0
Lake_Wilson,2407011214,0.0
Lake_Wilson,2407011216,0.0
Lake_Wilson,2407011218,0.0
Lake_Wilson,2407011220,0.0
Lake_Wilson,2407011222,0.0
Lake_Wilson,2407011900,0.0
Lake_Wilson,2407011902,0.0
Lake_Wilson,2407011904,0.0
Lake_Wilson,2407011906,0.0
Lake_Wilson,2407011908,0.0
Lake_Wilson,2407011910,0.0
Lake_Wilson,2407011912,0.0
Lake_Wilson,2407011914,0.0
Lake_Wilson,2407011916,0.0
Lake_Wilson,2407011918,0.0
Lake_Wilson,2407011920,0.0
Lake_Wilson,2407011922,0.0
Lake_Wilson,2407021200,0.0
Lake_Wilson,2407021202,0.0
Lake_Wilson,2407021204,0.0
Lake_Wilson,2407021206,0.0
Lake_Wilson,2407021208,0.0
Lake_Wilson,2407021210,0.0
Lake_Wilson,2407021212,0.0
Lake_Wilson,2407021214,0.0
Lake_Wilson,2407021216,0.0
Lake_Wilson,2407021218,0.0
Lake_Wilson,2407021220,0.0
Lake_Wilson,2407021222,0.0
Lake_Wilson,2407050200,0.0
Lake_Wilson,2407050202,0.0
Lake_Wilson,2407050204,0.0
Lake_Wilson,2407050206,0.0
Lake_Wilson,2407050208,0.0
Lake_Wilson,2407050210,0.0
Lake_Wilson,2407050212,0.0
Lake_Wilson,2407050214,0.0
Lake_Wilson,2407050216,0.0
Lake_Wilson,2407050218,0.0
Lake_Wilson,2407050220,0.0
Lake_Wilson,2407050222,0.0
Lake_Wilson,2407092200,0.0
Lake_Wilson,2407092202,0.0
Lake_Wilson,2407092204,0.0
Lake_Wilson,2407092206,0.0
Lake_Wilson,2407092208,0.0
Lake_Wilson,2407092210,0.0
Lake_Wilson,2407092212,0.0
Lake_Wilson,2407092214,0.0
Lake_Wilson,2407092216,0.0
Lake_Wilson,2407092218,0.0
Lake_Wilson,2407092220,0.0
Lake_Wilson,2407092222,0.0
Lake_Wilson,2407102700,0.0
Lake_Wilson,2407102702,0.0
Lake_Wilson,2407102704,0.0
Lake_Wilson,2407102706,0.0
Lake_Wilson,2407102708,0.0
Lake_Wilson,2407102710,0.0
Lake_Wilson,2407102712,0.0
Lake_Wilson,2407102714,0.0
Lake_Wilson,2407102716,0.0
Lake_Wilson,2407102718,0.0
Lake_Wilson,2407102720,0.0
Lake_Wilson,2407102722,0.0
Lake_Wilson,2407121500,0.0
Lake_Wilson,2407121502,0.0
Lake_Wilson,2407121504,0.0
Lake_Wilson,2407121506,0.0
Lake_Wilson,2407121508,0.0
Lake_Wilson,2407121510,0.0
Lake_Wilson,2407121512,0.0
Lake_Wilson,2407121514,0.0
Lake_Wilson,2407121516,0.0
Lake_Wilson,2407121518,0.0
Lake_Wilson,2407121520,0.0
Lake_Wilson,2407121522,0.0
Lake_Wilson,2408022000,0.0
Lake_Wilson,2408022002,0.0
Lake_Wilson,2408022004,0.0
Lake_Wilson,2408022006,0.0
Lake_Wilson,2408022008,0.0
Lake_Wilson,2408022010,0.0
Lake_Wilson,2408022012,0.0
Lake_Wilson,2408022014,0.0
Lake_Wilson,2408022016,0.0
Lake_Wilson,2408022018,0.0
Lake_Wilson,2408022020,0.0
Lake_Wilson,2408022022,0.0
Lake_Wilson,2408041000,0.0
Lake_Wilson,2408041002,0.0
Lake_Wilson,2408041004,0.0
Lake_Wilson,2408041006,0.0
Lake_Wilson,2408041008,0.0
Lake_Wilson,2408041010,0.0
Lake_Wilson,2408041012,0.0
Lake_Wilson,2408041014,0.0
Lake_Wilson,2408041016,0.0
Lake_Wilson,2408041018,0.0
Lake_Wilson,2408041020,0.0
Lake_Wilson,2408041022,0.0
Lake_Wilson,2408061700,0.0
Lake_Wilson,2408061702,0.0
Lake_Wilson,2408061704,0.0
Lake_Wilson,2408061706,0.0
Lake_Wilson,2408061708,0.0
Lake_Wilson,2408061710,0.0
Lake_Wilson,2408061712,0.0
Lake_Wilson,2408061714,0.0
Lake_Wilson,2408061716,0.0
Lake_Wilson,2408061718,0.0
Lake_Wilson,2408061720,0.0
Lake_Wilson,2408061722,0.0
Lake_Wilson,2408081800,0.0
Lake_Wilson,2408081802,0.0
Lake_Wilson,2408081804,0.0
Lake_Wilson,2408081806,0.0
Lake_Wilson,2408081808,0.0
Lake_Wilson,2408081810,0.0
Lake_Wilson,2408081812,0.0
Lake_Wilson,2408081814,0.0
Lake_Wilson,2408081816,0.0
Lake_Wilson,2408081818,0.0
Lake_Wilson,2408081820,0.0
Lake_Wilson,2408081822,0.0
Lake_Wilson,2408091000,0.0
Lake_Wilson,2408091002,0.0
Lake_Wilson,2408091004,0.0
Lake_Wilson,2408091006,0.0
Lake_Wilson,2408091008,0.0
Lake_Wilson,2408091010,0.0
Lake_Wilson,2408091012,0.0
Lake_Wilson,2408091014,0.0
Lake_Wilson,2408091016,0.0
Lake_Wilson,2408091018,0.0
Lake_Wilson,2408091020,0.0
Lake_Wilson,2408091022,0.0
Lake_Wilson,2408112200,0.0
Lake_Wilson,2408112202,0.0
Lake_Wilson,2408112204,0.0
Lake_Wilson,2408112206,0.0
Lake_Wilson,2408112208,0.0
Lake_Wilson,2408112210,0.0
Lake_Wilson,2408112212,0.0
Lake_Wilson,2408112214,0.0
Lake_Wilson,2408112216,0.0
Lake_Wilson,2408112218,0.0
Lake_Wilson,2408112220,0.0
Lake_Wilson,2408112222,0.0
Lake_Wilson,2507011200,0.0
Lake_Wilson,2507011202,0.0
Lake_Wilson,2507011204,0.0
Lake_Wilson,2507011206,0.0
Lake_Wilson,2507011208,0.0
Lake_Wilson,2507011210,0.0
Lake_Wilson,2507011212,0.0
Lake_Wilson,2507011214,0.0
Lake_Wilson,2507011216,0.0
Lake_Wilson,2507011218,0.0
Lake_Wilson,2507011220,0.0
Lake_Wilson,2507011222,0.0
Lake_Wilson,2507011900,0.0
Lake_Wilson,2507011902,0.0
Lake_Wilson,2507011904,0.0
Lake_Wilson,2507011906,0.0
Lake_Wilson,2507011908,0.0
Lake_Wilson,2507011910,0.0
Lake_Wilson,2507011912,0.0
Lake_Wilson,2507011914,0.0
Lake_Wilson,2507011916,0.0
Lake_Wilson,2507011918,0.0
Lake_Wilson,2507011920,0.0
Lake_Wilson,2507011922,0.0
Lake_Wilson,2507021200,0.0
Lake_Wilson,2507021202,0.0
Lake_Wilson,2507021204,0.0
Lake_Wilson,2507021206,0.0
Lake_Wilson,2507021208,0.0
Lake_Wilson,2507021210,0.0
Lake_Wilson,2507021212,0.0
Lake_Wilson,2507021214,0.0
Lake_Wilson,2507021216,0.0
Lake_Wilson,2507021218,0.0
Lake_Wilson,2507021220,0.0
Lake_Wilson,2507021222,0.0
Lake_Wilson,2507050200,0.0
Lake_Wilson,2507050202,0.0
Lake_Wilson,2507050204,0.0
Lake_Wilson,2507050206,0.0
Lake_Wilson,2507050208,0.0
Lake_Wilson,2507050210,0.0
Lake_Wilson,2507050212,0.0
Lake_Wilson,2507050214,0.0
Lake_Wilson,2507050216,0.0
Lake_Wilson,2507050218,0.0
Lake_Wilson,2507050220,0.0
Lake_Wilson,2507050222,0.0
Lake_Wilson,2507092200,0.0
Lake_Wilson,2507092202,0.0
Lake_Wilson,2507092204,0.0
Lake_Wilson,2507092206,0.0
Lake_Wilson,2507092208,0.0
Lake_Wilson,2507092210,0.0
Lake_Wilson,2507092212,0.0
Lake_Wilson,2507092214,0.0
Lake_Wilson,2507092216,0.0
Lake_Wilson,2507092218,0.0
Lake_Wilson,2507092220,0.0
Lake_Wilson,2507092222,0.0
Lake_Wilson,2507102700,0.0
Lake_Wilson,2507102702,0.0
Lake_Wilson,2507102704,0.0
Lake_Wilson,2507102706,0.0
Lake_Wilson,2507102708,0.0
Lake_Wilson,2507102710,0.0
Lake_Wilson,2507102712,0.0
Lake_Wilson,2507102714,0.0
Lake_Wilson,2507102716,0.0
Lake_Wilson,2507102718,0.0
Lake_Wilson,2507102720,0.0
Lake_Wilson,2507102722,0.0
Lake_Wilson,2507121500,0.0
Lake_Wilson,2507121502,0.0
Lake_Wilson,2507121504,0.0
Lake_Wilson,2507121506,0.0
Lake_Wilson,2507121508,0.0
Lake_Wilson,2507121510,0.0
Lake_Wilson,2507121512,0.0
Lake_Wilson,2507121514,0.0
Lake_Wilson,2507121516,0.0
Lake_Wilson,2507121518,0.0
Lake_Wilson,2507121520,0.0
Lake_Wilson,2507121522,0.0
Lake_Wilson,2508022000,0.0
Lake_Wilson,2508022002,0.0
Lake_Wilson,2508022004,0.0
Lake_Wilson,2508022006,0.0
Lake_Wilson,2508022008,0.0
Lake_Wilson,2508022010,0.0
Lake_Wilson,2508022012,0.0
Lake_Wilson,2508022014,0.0
Lake_Wilson,2508022016,0.0
Lake_Wilson,2508022018,0.0
Lake_Wilson,2508022020,0.0
Lake_Wilson,2508022022,0.0
Lake_Wilson,2508041000,0.0
Lake_Wilson,2508041002,0.0
Lake_Wilson,2508041004,0.0
Lake_Wilson,2508041006,0.0
Lake_Wilson,2508041008,0.0
Lake_Wilson,2508041010,0.0
Lake_Wilson,2508041012,0.0
Lake_Wilson,2508041014,0.0
Lake_Wilson,2508041016,0.0
Lake_Wilson,2508041018,0.0
Lake_Wilson,2508041020,0.0
Lake_Wilson,2508041022,0.0
Lake_Wilson,2508061700,0.0
Lake_Wilson,2508061702,0.0
Lake_Wilson,2508061704,0.0
Lake_Wilson,2508061706,0.0
Lake_Wilson,2508061708,0.0
Lake_Wilson,2508061710,0.0
Lake_Wilson,2508061712,0.0
Lake_Wilson,2508061714,0.0
Lake_Wilson,2508061716,0.0
Lake_Wilson,2508061718,0.0
Lake_Wilson,2508061720,0.0
Lake_Wilson,2508061722,0.0
Lake_Wilson,2508081800,0.0
Lake_Wilson,2508081802,0.0
Lake_Wilson,2508081804,0.0
Lake_Wilson,2508081806,0.0
Lake_Wilson,2508081808,0.0
Lake_Wilson,2508081810,0.0
Lake_Wilson,2508081812,0.0
Lake_Wilson,2508081814,0.0
Lake_Wilson,2508081816,0.0
Lake_Wilson,2508081818,0.0
Lake_Wilson,2508081820,0.0
Lake_Wilson,2508081822,0.0
Lake_Wilson,2508091000,0.0
Lake_Wilson,2508091002,0.0
Lake_Wilson,2508091004,0.0
Lake_Wilson,2508091006,0.0
Lake_Wilson,2508091008,0.0
Lake_Wilson,2508091010,0.0
Lake_Wilson,2508091012,0.0
Lake_Wilson,2508091014,0.0
Lake_Wilson,2508091016,0.0
Lake_Wilson,2508091018,0.0
Lake_Wilson,2508091020,0.0
Lake_Wilson,2508091022,0.0
Lake_Wilson,2508112200,0.0
Lake_Wilson,2508112202,0.0
Lake_Wilson,2508112204,0.0
Lake_Wilson,2508112206,0.0
Lake_Wilson,2508112208,0.0
Lake_Wilson,2508112210,0.0
Lake_Wilson,2508112212,0.0
Lake_Wilson,2508112214,0.0
Lake_Wilson,2508112216,0.0
Lake_Wilson,2508112218,0.0
Lake_Wilson,2508112220,0.0
Lake_Wilson,2508112222,0.0
Lake_Wilson,2607011200,0.0
Lake_Wilson,2607011202,0.0
Lake_Wilson,2607011204,0.0
Lake_Wilson,2607011206,0.0
Lake_Wilson,2607011208,0.0
Lake_Wilson,2607011210,0.0
Lake_Wilson,2607011212,0.0
Lake_Wilson,2607011214,0.0
Lake_Wilson,2607011216,0.0
Lake_Wilson,2607011218,0.0
Lake_Wilson,2607011220,0.0
Lake_Wilson,2607011222,0.0
Lake_Wilson,2607011900,0.0
Lake_Wilson,2607011902,0.0
Lake_Wilson,2607011904,0.0
Lake_Wilson,2607011906,0.0
Lake_Wilson,2607011908,0.0
Lake_Wilson,2607011910,0.0
Lake_Wilson,2607011912,0.0
Lake_Wilson,2607011914,0.0
Lake_Wilson,2607011916,0.0
Lake_Wilson,2607011918,0.0
Lake_Wilson,2607011920,0.0
Lake_Wilson,2607011922,0.0
Lake_Wilson,2607021200,0.0
Lake_Wilson,2607021202,0.0
Lake_Wilson,2607021204,0.0
Lake_Wilson,2607021206,0.0
Lake_Wilson,2607021208,0.0
Lake_Wilson,2607021210,0.0
Lake_Wilson,2607021212,0.0
Lake_Wilson,2607021214,0.0
Lake_Wilson,2607021216,0.0
Lake_Wilson,2607021218,0.0
Lake_Wilson,2607021220,0.0
Lake_Wilson,2607021222,0.0
Lake_Wilson,2607050200,0.0
Lake_Wilson,2607050202,0.0
Lake_Wilson,2607050204,0.0
Lake_Wilson,2607050206,0.0
Lake_Wilson,2607050208,0.0
Lake_Wilson,2607050210,0.0
Lake_Wilson,2607050212,0.0
Lake_Wilson,2607050214,0.0
Lake_Wilson,2607050216,0.0
Lake_Wilson,2607050218,0.0
Lake_Wilson,2607050220,0.0
Lake_Wilson,2607050222,0.0
Lake_Wilson,2607092200,0.0
Lake_Wilson,2607092202,0.0
Lake_Wilson,2607092204,0.0
Lake_Wilson,2607092206,0.0
Lake_Wilson,2607092208,0.0
Lake_Wilson,2607092210,0.0
Lake_Wilson,2607092212,0.0
Lake_Wilson,2607092214,0.0
Lake_Wilson,2607092216,0.0
Lake_Wilson,2607092218,0.0
Lake_Wilson,2607092220,0.0
Lake_Wilson,2607092222,0.0
Lake_Wilson,2607102700,0.0
Lake_Wilson,2607102702,0.0
Lake_Wilson,2607102704,0.0
Lake_Wilson,2607102706,0.0
Lake_Wilson,2607102708,0.0
Lake_Wilson,2607102710,0.0
Lake_Wilson,2607102712,0.0
Lake_Wilson,2607102714,0.0
Lake_Wilson,2607102716,0.0
Lake_Wilson,2607102718,0.0
Lake_Wilson,2607102720,0.0
Lake_Wilson,2607102722,0.0
Lake_Wilson,2607121500,0.0
Lake_Wilson,2607121502,0.0
Lake_Wilson,2607121504,0.0
Lake_Wilson,2607121506,0.0
Lake_Wilson,2607121508,0.0
Lake_Wilson,2607121510,0.0
Lake_Wilson,2607121512,0.0
Lake_Wilson,2607121514,0.0
Lake_Wilson,2607121516,0.0
Lake_Wilson,2607121518,0.0
Lake_Wilson,2607121520,0.0
Lake_Wilson,2607121522,0.0
Lake_Wilson,2608022000,0.0
Lake_Wilson,2608022002,0.0
Lake_Wilson,2608022004,0.0
Lake_Wilson,2608022006,0.0
Lake_Wilson,2608022008,0.0
Lake_Wilson,2608022010,0.0
Lake_Wilson,2608022012,0.0
Lake_Wilson,2608022014,0.0
Lake_Wilson,2608022016,0.0
Lake_Wilson,2608022018,0.0
Lake_Wilson,2608022020,0.0
Lake_Wilson,2608022022,0.0
Lake_Wilson,2608041000,0.0
Lake_Wilson,2608041002,0.0
Lake_Wilson,2608041004,0.0
Lake_Wilson,2608041006,0.0
Lake_Wilson,2608041008,0.0
Lake_Wilson,2608041010,0.0
Lake_Wilson,2608041012,0.0
Lake_Wilson,2608041014,0.0
Lake_Wilson,2608041016,0.0
Lake_Wilson,2608041018,0.0
Lake_Wilson,2608041020,0.0
Lake_Wilson,2608041022,0.0
Lake_Wilson,2608061700,0.0
Lake_Wilson,2608061702,0.0
Lake_Wilson,2608061704,0.0
Lake_Wilson,2608061706,0.0
Lake_Wilson,2608061708,0.0
Lake_Wilson,2608061710,0.0
Lake_Wilson,2608061712,0.0
Lake_Wilson,2608061714,0.0
Lake_Wilson,2608061716,0.0
Lake_Wilson,2608061718,0.0
Lake_Wilson,2608061720,0.0
Lake_Wilson,2608061722,0.0
Lake_Wilson,2608081800,0.0
Lake_Wilson,2608081802,0.0
Lake_Wilson,2608081804,0.0
Lake_Wilson,2608081806,0.0
Lake_Wilson,2608081808,0.0
Lake_Wilson,2608081810,0.0
Lake_Wilson,2608081812,0.0
Lake_Wilson,2608081814,0.0
Lake_Wilson,2608081816,0.0
Lake_Wilson,2608081818,0.0
Lake_Wilson,2608081820,0.0
Lake_Wilson,2608081822,0.0
Lake_Wilson,2608091000,0.0
Lake_Wilson,2608091002,0.0
Lake_Wilson,2608091004,0.0
Lake_Wilson,2608091006,0.0
Lake_Wilson,2608091008,0.0
Lake_Wilson,2608091010,0.0
Lake_Wilson,2608091012,0.0
Lake_Wilson,2608091014,0.0
Lake_Wilson,2608091016,0.0
Lake_Wilson,2608091018,0.0
Lake_Wilson,2608091020,0.0
Lake_Wilson,2608091022,0.0
Lake_Wilson,2608112200,0.0
Lake_Wilson,2608112202,0.0
Lake_Wilson,2608112204,0.0
Lake_Wilson,2608112206,0.0
Lake_Wilson,2608112208,0.0
Lake_Wilson,2608112210,0.0
Lake_Wilson,2608112212,0.0
Lake_Wilson,2608112214,0.0
Lake_Wilson,2608112216,0.0
Lake_Wilson,2608112218,0.0
Lake_Wilson,2608112220,0.0
Lake_Wilson,2608112222,0.0
Lake_Wilson,2707011200,0.0
Lake_Wilson,2707011202,0.0
Lake_Wilson,2707011204,0.0
Lake_Wilson,2707011206,0.0
Lake_Wilson,2707011208,0.0
Lake_Wilson,2707011210,0.0
Lake_Wilson,2707011212,0.0
Lake_Wilson,2707011214,0.0
Lake_Wilson,2707011216,0.0
Lake_Wilson,2707011218,0.0
Lake_Wilson,2707011220,0.0
Lake_Wilson,2707011222,0.0
Lake_Wilson,2707011900,0.0
Lake_Wilson,2707011902,0.0
Lake_Wilson,2707011904,0.0
Lake_Wilson,2707011906,0.0
Lake_Wilson,2707011908,0.0
Lake_Wilson,2707011910,0.0
Lake_Wilson,2707011912,0.0
Lake_Wilson,2707011914,0.0
Lake_Wilson,2707011916,0.0
Lake_Wilson,2707011918,0.0
Lake_Wilson,2707011920,0.0
Lake_Wilson,2707011922,0.0
Lake_Wilson,2707021200,0.0
Lake_Wilson,2707021202,0.0
Lake_Wilson,2707021204,0.0
Lake_Wilson,2707021206,0.0
Lake_Wilson,2707021208,0.0
Lake_Wilson,2707021210,0.0
Lake_Wilson,2707021212,0.0
Lake_Wilson,2707021214,0.0
Lake_Wilson,2707021216,0.0
Lake_Wilson,2707021218,0.0
Lake_Wilson,2707021220,0.0
Lake_Wilson,2707021222,0.0
Lake_Wilson,2707050200,0.0
Lake_Wilson,2707050202,0.0
Lake_Wilson,2707050204,0.0
Lake_Wilson,2707050206,0.0
Lake_Wilson,2707050208,0.0
Lake_Wilson,2707050210,0.0
Lake_Wilson,2707050212,0.0
Lake_Wilson,2707050214,0.0
Lake_Wilson,2707050216,0.0
Lake_Wilson,2707050218,0.0
Lake_Wilson,2707050220,0.0
Lake_Wilson,2707050222,0.0
Lake_Wilson,2707092200,0.0
Lake_Wilson,2707092202,0.0
Lake_Wilson,2707092204,0.0
Lake_Wilson,2707092206,0.0
Lake_Wilson,2707092208,0.0
Lake_Wilson,2707092210,0.0
Lake_Wilson,2707092212,0.0
Lake_Wilson,2707092214,0.0
Lake_Wilson,2707092216,0.0
Lake_Wilson,2707092218,0.0
Lake_Wilson,2707092220,0.0
Lake_Wilson,2707092222,0.0
Lake_Wilson,2707102700,0.0
Lake_Wilson,2707102702,0.0
Lake_Wilson,2707102704,0.0
Lake_Wilson,2707102706,0.0
Lake_Wilson,2707102708,0.0
Lake_Wilson,2707102710,0.0
Lake_Wilson,2707102712,0.0
Lake_Wilson,2707102714,0.0
Lake_Wilson,2707102716,0.0
Lake_Wilson,2707102718,0.0
Lake_Wilson,2707102720,0.0
Lake_Wilson,2707102722,0.0
Lake_Wilson,2707121500,0.0
Lake_Wilson,2707121502,0.0
Lake_Wilson,2707121504,0.0
Lake_Wilson,2707121506,0.0
Lake_Wilson,2707121508,0.0
Lake_Wilson,2707121510,0.0
Lake_Wilson,2707121512,0.0
Lake_Wilson,2707121514,0.0
Lake_Wilson,2707121516,0.0
Lake_Wilson,2707121518,0.0
Lake_Wilson,2707121520,0.0
Lake_Wilson,2707121522,0.0
Lake_Wilson,2708022000,0.0
Lake_Wilson,2708022002,0.0
Lake_Wilson,2708022004,0.0
Lake_Wilson,2708022006,0.0
Lake_Wilson,2708022008,0.0
Lake_Wilson,2708022010,0.0
Lake_Wilson,2708022012,0.0
Lake_Wilson,2708022014,0.0
Lake_Wilson,2708022016,0.0
Lake_Wilson,2708022018,0.0
Lake_Wilson,2708022020,0.0
Lake_Wilson,2708022022,0.0
Lake_Wilson,2708041000,0.0
Lake_Wilson,2708041002,0.0
Lake_Wilson,2708041004,0.0
Lake_Wilson,2708041006,0.0
Lake_Wilson,2708041008,0.0
Lake_Wilson,2708041010,0.0
Lake_Wilson,2708041012,0.0
Lake_Wilson,2708041014,0.0
Lake_Wilson,2708041016,0.0
Lake_Wilson,2708041018,0.0
Lake_Wilson,2708041020,0.0
Lake_Wilson,2708041022,0.0
Lake_Wilson,2708061700,0.0
Lake_Wilson,2708061702,0.0
Lake_Wilson,2708061704,0.0
Lake_Wilson,2708061706,0.0
Lake_Wilson,2708061708,0.0
Lake_Wilson,2708061710,0.0
Lake_Wilson,2708061712,0.0
Lake_Wilson,2708061714,0.0
Lake_Wilson,2708061716,0.0
Lake_Wilson,2708061718,0.0
Lake_Wilson,2708061720,0.0
Lake_Wilson,2708061722,0.0
Lake_Wilson,2708081800,0.0
Lake_Wilson,2708081802,0.0
Lake_Wilson,2708081804,0.0
Lake_Wilson,2708081806,0.0
Lake_Wilson,2708081808,0.0
Lake_Wilson,2708081810,0.0
Lake_Wilson,2708081812,0.0
Lake_Wilson,2708081814,0.0
Lake_Wilson,2708081816,0.0
Lake_Wilson,2708081818,0.0
Lake_Wilson,2708081820,0.0
Lake_Wilson,2708081822,0.0
Lake_Wilson,2708091000,0.0
Lake_Wilson,2708091002,0.0
Lake_Wilson,2708091004,0.0
Lake_Wilson,2708091006,0.0
Lake_Wilson,2708091008,0.0
Lake_Wilson,2708091010,0.0
Lake_Wilson,2708091012,0.0
Lake_Wilson,2708091014,0.0
Lake_Wilson,2708091016,0.0
Lake_Wilson,2708091018,0.0
Lake_Wilson,2708091020,0.0
Lake_Wilson,2708091022,0.0
Lake_Wilson,2708112200,0.0
Lake_Wilson,2708112202,0.0
Lake_Wilson,2708112204,0.0
Lake_Wilson,2708112206,0.0
Lake_Wilson,2708112208,0.0
Lake_Wilson,2708112210,0.0
Lake_Wilson,2708112212,0.0
Lake_Wilson,2708112214,0.0
Lake_Wilson,2708112216,0.0
Lake_Wilson,2708112218,0.0
Lake_Wilson,2708112220,0.0
Lake_Wilson,2708112222,0.0
Lake_Wilson,2807011200,0.0
Lake_Wilson,2807011202,0.0
Lake_Wilson,2807011204,0.0
Lake_Wilson,2807011206,0.0
Lake_Wilson,2807011208,0.0
Lake_Wilson,2807011210,0.0
Lake_Wilson,2807011212,0.0
Lake_Wilson,2807011214,0.0
Lake_Wilson,2807011216,0.0
Lake_Wilson,2807011218,0.0
Lake_Wilson,2807011220,0.0
Lake_Wilson,2807011222,0.0
Lake_Wilson,2807011900,0.0
Lake_Wilson,2807011902,0.0
Lake_Wilson,2807011904,0.0
Lake_Wilson,2807011906,0.0
Lake_Wilson,2807011908,0.0
Lake_Wilson,2807011910,0.0
Lake_Wilson,2807011912,0.0
Lake_Wilson,2807011914,0.0
Lake_Wilson,2807011916,0.0
Lake_Wilson,2807011918,0.0
Lake_Wilson,2807011920,0.0
Lake_Wilson,2807011922,0.0
Lake_Wilson,2807021200,0.0
Lake_Wilson,2807021202,0.0
Lake_Wilson,2807021204,0.0
Lake_Wilson,2807021206,0.0
Lake_Wilson,2807021208,0.0
Lake_Wilson,2807021210,0.0
Lake_Wilson,2807021212,0.0
Lake_Wilson,2807021214,0.0
Lake_Wilson,2807021216,0.0
Lake_Wilson,2807021218,0.0
Lake_Wilson,2807021220,0.0
Lake_Wilson,2807021222,0.0
Lake_Wilson,2807050200,0.0
Lake_Wilson,2807050202,0.0
Lake_Wilson,2807050204,0.0
Lake_Wilson,2807050206,0.0
Lake_Wilson,2807050208,0.0
Lake_Wilson,2807050210,0.0
Lake_Wilson,2807050212,0.0
Lake_Wilson,2807050214,0.0
Lake_Wilson,2807050216,0.0
Lake_Wilson,2807050218,0.0
Lake_Wilson,2807050220,0.0
Lake_Wilson,2807050222,0.0
Lake_Wilson,2807092200,0.0
Lake_Wilson,2807092202,0.0
Lake_Wilson,2807092204,0.0
Lake_Wilson,2807092206,0.0
Lake_Wilson,2807092208,0.0
Lake_Wilson,2807092210,0.0
Lake_Wilson,2807092212,0.0
Lake_Wilson,2807092214,0.0
Lake_Wilson,2807092216,0.0
Lake_Wilson,2807092218,0.0
Lake_Wilson,2807092220,0.0
Lake_Wilson,2807092222,0.0
Lake_Wilson,2807102700,0.0
Lake_Wilson,2807102702,0.0
Lake_Wilson,2807102704,0.0
Lake_Wilson,2807102706,0.0
Lake_Wilson,2807102708,0.0
Lake_Wilson,2807102710,0.0
Lake_Wilson,2807102712,0.0
Lake_Wilson,2807102714,0.0
Lake_Wilson,2807102716,0.0
Lake_Wilson,2807102718,0.0
Lake_Wilson,2807102720,0.0
Lake_Wilson,2807102722,0.0
Lake_Wilson,2807121500,0.0
Lake_Wilson,2807121502,0.0
Lake_Wilson,2807121504,0.0
Lake_Wilson,2807121506,0.0
Lake_Wilson,2807121508,0.0
Lake_Wilson,2807121510,0.0
Lake_Wilson,2807121512,0.0
Lake_Wilson,2807121514,0.0
Lake_Wilson,2807121516,0.0
Lake_Wilson,2807121518,0.0
Lake_Wilson,2807121520,0.0
Lake_Wilson,2807121522,0.0
Lake_Wilson,2808022000,0.0
Lake_Wilson,2808022002,0.0
Lake_Wilson,2808022004,0.0
Lake_Wilson,2808022006,0.0
Lake_Wilson,2808022008,0.0
Lake_Wilson,2808022010,0.0
Lake_Wilson,2808022012,0.0
Lake_Wilson,2808022014,0.0
Lake_Wilson,2808022016,0.0
Lake_Wilson,2808022018,0.0
Lake_Wilson,2808022020,0.0
Lake_Wilson,2808022022,0.0
Lake_Wilson,2808041000,0.0
Lake_Wilson,2808041002,0.0
Lake_Wilson,2808041004,0.0
Lake_Wilson,2808041006,0.0
Lake_Wilson,2808041008,0.0
Lake_Wilson,2808041010,0.0
Lake_Wilson,2808041012,0.0
Lake_Wilson,2808041014,0.0
Lake_Wilson,2808041016,0.0
Lake_Wilson,2808041018,0.0
Lake_Wilson,2808041020,0.0
Lake_Wilson,2808041022,0.0
Lake_Wilson,2808061700,0.0
Lake_Wilson,2808061702,0.0
Lake_Wilson,2808061704,0.0
Lake_Wilson,2808061706,0.0
Lake_Wilson,2808061708,0.0
Lake_Wilson,2808061710,0.0
Lake_Wilson,2808061712,0.0
Lake_Wilson,2808061714,0.0
Lake_Wilson,2808061716,0.0
Lake_Wilson,2808061718,0.0
Lake_Wilson,2808061720,0.0
Lake_Wilson,2808061722,0.0
Lake_Wilson,2808081800,0.0
Lake_Wilson,2808081802,0.0
Lake_Wilson,2808081804,0.0
Lake_Wilson,2808081806,0.0
Lake_Wilson,2808081808,0.0
Lake_Wilson,2808081810,0.0
Lake_Wilson,2808081812,0.0
Lake_Wilson,2808081814,0.0
Lake_Wilson,2808081816,0.0
Lake_Wilson,2808081818,0.0
Lake_Wilson,2808081820,0.0
Lake_Wilson,2808081822,0.0
Lake_Wilson,2808091000,0.0
Lake_Wilson,2808091002,0.0
Lake_Wilson,2808091004,0.0
Lake_Wilson,2808091006,0.0
Lake_Wilson,2808091008,0.0
Lake_Wilson,2808091010,0.0
Lake_Wilson,2808091012,0.0
Lake_Wilson,2808091014,0.0
Lake_Wilson,2808091016,0.0
Lake_Wilson,2808091018,0.0
Lake_Wilson,2808091020,0.0
Lake_Wilson,2808091022,0.0
Lake_Wilson,2808112200,0.0
Lake_Wilson,2808112202,0.0
Lake_Wilson,2808112204,0.0
Lake_Wilson,2808112206,0.0
Lake_Wilson,2808112208,0.0
Lake_Wilson,2808112210,0.0
Lake_Wilson,2808112212,0.0
Lake_Wilson,2808112214,0.0
Lake_Wilson,2808112216,0.0
Lake_Wilson,2808112218,0.0
Lake_Wilson,2808112220,0.0
Lake_Wilson,2808112222,0.0
Lake_Wilson,2907011200,0.0
Lake_Wilson,2907011202,0.0
Lake_Wilson,2907011204,0.0
Lake_Wilson,2907011206,0.0
Lake_Wilson,2907011208,0.0
Lake_Wilson,2907011210,0.0
Lake_Wilson,2907011212,0.0
Lake_Wilson,2907011214,0.0
Lake_Wilson,2907011216,0.0
Lake_Wilson,2907011218,0.0
Lake_Wilson,2907011220,0.0
Lake_Wilson,2907011222,0.0
Lake_Wilson,2907011900,0.0
Lake_Wilson,2907011902,0.0
Lake_Wilson,2907011904,0.0
Lake_Wilson,2907011906,0.0
Lake_Wilson,2907011908,0.0
Lake_Wilson,2907011910,0.0
Lake_Wilson,2907011912,0.0
Lake_Wilson,2907011914,0.0
Lake_Wilson,2907011916,0.0
Lake_Wilson,2907011918,0.0
Lake_Wilson,2907011920,0.0
Lake_Wilson,2907011922,0.0
Lake_Wilson,2907021200,0.0
Lake_Wilson,2907021202,0.0
Lake_Wilson,2907021204,0.0
Lake_Wilson,2907021206,0.0
Lake_Wilson,2907021208,0.0
Lake_Wilson,2907021210,0.0
Lake_Wilson,2907021212,0.0
Lake_Wilson,2907021214,0.0
Lake_Wilson,2907021216,0.0
Lake_Wilson,2907021218,0.0
Lake_Wilson,2907021220,0.0
Lake_Wilson,2907021222,0.0
Lake_Wilson,2907050200,0.0
Lake_Wilson,2907050202,0.0
Lake_Wilson,2907050204,0.0
Lake_Wilson,2907050206,0.0
Lake_Wilson,2907050208,0.0
Lake_Wilson,2907050210,0.0
Lake_Wilson,2907050212,0.0
Lake_Wilson,2907050214,0.0
Lake_Wilson,2907050216,0.0
Lake_Wilson,2907050218,0.0
Lake_Wilson,2907050220,0.0
Lake_Wilson,2907050222,0.0
Lake_Wilson,2907092200,0.0
Lake_Wilson,2907092202,0.0
Lake_Wilson,2907092204,0.0
Lake_Wilson,2907092206,0.0
Lake_Wilson,2907092208,0.0
Lake_Wilson,2907092210,0.0
Lake_Wilson,2907092212,0.0
Lake_Wilson,2907092214,0.0
Lake_Wilson,2907092216,0.0
Lake_Wilson,2907092218,0.0
Lake_Wilson,2907092220,0.0
Lake_Wilson,2907092222,0.0
Lake_Wilson,2907102700,0.0
Lake_Wilson,2907102702,0.0
Lake_Wilson,2907102704,0.0
Lake_Wilson,2907102706,0.0
Lake_Wilson,2907102708,0.0
Lake_Wilson,2907102710,0.0
Lake_Wilson,2907102712,0.0
Lake_Wilson,2907102714,0.0
Lake_Wilson,2907102716,0.0
Lake_Wilson,2907102718,0.0
Lake_Wilson,2907102720,0.0
Lake_Wilson,2907102722,0.0
Lake_Wilson,2907121500,0.0
Lake_Wilson,2907121502,0.0
Lake_Wilson,2907121504,0.0
Lake_Wilson,2907121506,0.0
Lake_Wilson,2907121508,0.0
Lake_Wilson,2907121510,0.0
Lake_Wilson,2907121512,0.0
Lake_Wilson,2907121514,0.0
Lake_Wilson,2907121516,0.0
Lake_Wilson,2907121518,0.0
Lake_Wilson,2907121520,0.0
Lake_Wilson,2907121522,0.0
Lake_Wilson,2908022000,0.0
Lake_Wilson,2908022002,0.0
Lake_Wilson,2908022004,0.0
Lake_Wilson,2908022006,0.0
Lake_Wilson,2908022008,0.0
Lake_Wilson,2908022010,0.0
Lake_Wilson,2908022012,0.0
Lake_Wilson,2908022014,0.0
Lake_Wilson,2908022016,0.0
Lake_Wilson,2908022018,0.0
Lake_Wilson,2908022020,0.0
Lake_Wilson,2908022022,0.0
Lake_Wilson,2908041000,0.0
Lake_Wilson,2908041002,0.0
Lake_Wilson,2908041004,0.0
Lake_Wilson,2908041006,0.0
Lake_Wilson,2908041008,0.0
Lake_Wilson,2908041010,0.0
Lake_Wilson,2908041012,0.0
Lake_Wilson,2908041014,0.0
Lake_Wilson,2908041016,0.0
Lake_Wilson,2908041018,0.0
Lake_Wilson,2908041020,0.0
Lake_Wilson,2908041022,0.0
Lake_Wilson,2908061700,0.0
Lake_Wilson,2908061702,0.0
Lake_Wilson,2908061704,0.0
Lake_Wilson,2908061706,0.0
Lake_Wilson,2908061708,0.0
Lake_Wilson,2908061710,0.0
Lake_Wilson,2908061712,0.0
Lake_Wilson,2908061714,0.0
Lake_Wilson,2908061716,0.0
Lake_Wilson,2908061718,0.0
Lake_Wilson,2908061720,0.0
Lake_Wilson,2908061722,0.0
Lake_Wilson,2908081800,0.0
Lake_Wilson,2908081802,0.0
Lake_Wilson,2908081804,0.0
Lake_Wilson,2908081806,0.0
Lake_Wilson,2908081808,0.0
Lake_Wilson,2908081810,0.0
Lake_Wilson,2908081812,0.0
Lake_Wilson,2908081814,0.0
Lake_Wilson,2908081816,0.0
Lake_Wilson,2908081818,0.0
Lake_Wilson,2908081820,0.0
Lake_Wilson,2908081822,0.0
Lake_Wilson,2908091000,0.0
Lake_Wilson,2908091002,0.0
Lake_Wilson,2908091004,0.0
Lake_Wilson,2908091006,0.0
Lake_Wilson,2908091008,0.0
Lake_Wilson,2908091010,0.0
Lake_Wilson,2908091012,0.0
Lake_Wilson,2908091014,0.0
Lake_Wilson,2908091016,0.0
Lake_Wilson,2908091018,0.0
Lake_Wilson,2908091020,0.0
Lake_Wilson,2908091022,0.0
Lake_Wilson,2908112200,0.0
Lake_Wilson,2908112202,0.0
Lake_Wilson,2908112204,0.0
Lake_Wilson,2908112206,0.0
Lake_Wilson,2908112208,0.0
Lake_Wilson,2908112210,0.0
Lake_Wilson,2908112212,0.0
Lake_Wilson,2908112214,0.0
Lake_Wilson,2908112216,0.0
Lake_Wilson,2908112218,0.0
Lake_Wilson,2908112220,0.0
Lake_Wilson,2908112222,0.0
Lake_Wilson,3007011200,150.0
Lake_Wilson,3007011202,150.0
Lake_Wilson,3007011204,97.11717300627828
Lake_Wilson,3007011206,107.24343732088323
Lake_Wilson,3007011208,150.0
Lake_Wilson,3007011210,150.0
Lake_Wilson,3007011212,150.0
Lake_Wilson,3007011214,150.0
Lake_Wilson,3007011216,150.0
Lake_Wilson,3007011218,125.639389672846
Lake_Wilson,3007011220,150.0
Lake_Wilson,3007011222,150.0
Lake_Wilson,3007011900,150.0
Lake_Wilson,3007011902,150.0
Lake_Wilson,3007011904,130.25706309683244
Lake_Wilson,3007011906,91.22036324065346
Lake_Wilson,3007011908,150.0
Lake_Wilson,3007011910,150.0
Lake_Wilson,3007011912,150.0
Lake_Wilson,3007011914,150.0
Lake_Wilson,3007011916,150.0
Lake_Wilson,3007011918,108.52257366251672
Lake_Wilson,3007011920,150.0
Lake_Wilson,3007011922,150.0
Lake_Wilson,3007021200,68.51562890623615
Lake_Wilson,3007021202,74.85083299040167
Lake_Wilson,3007021204,95.18259267312368
Lake_Wilson,3007021206,0.0
Lake_Wilson,3007021208,150.0
Lake_Wilson,3007021210,150.0
Lake_Wilson,3007021212,150.0
Lake_Wilson,3007021214,150.0
Lake_Wilson,3007021216,150.0
Lake_Wilson,3007021218,0.0
Lake_Wilson,3007021220,27.85555532733315
Lake_Wilson,3007021222,86.09539010290472
Lake_Wilson,3007050200,150.0
Lake_Wilson,3007050202,150.0
Lake_Wilson,3007050204,83.148282367792
Lake_Wilson,3007050206,121.97490932132882
Lake_Wilson,3007050208,150.0
Lake_Wilson,3007050210,150.0
Lake_Wilson,3007050212,150.0
Lake_Wilson,3007050214,150.0
Lake_Wilson,3007050216,150.0
Lake_Wilson,3007050218,150.0
Lake_Wilson,3007050220,30.864200727181952
Lake_Wilson,3007050222,105.36825220515726
Lake_Wilson,3007092200,150.0
Lake_Wilson,3007092202,90.0
Lake_Wilson,3007092204,57.26643545862905
Lake_Wilson,3007092206,0.0
Lake_Wilson,3007092208,150.0
Lake_Wilson,3007092210,150.0
Lake_Wilson,3007092212,150.0
Lake_Wilson,3007092214,150.0
Lake_Wilson,3007092216,150.0
Lake_Wilson,3007092218,0.0
Lake_Wilson,3007092220,4.8686217748456215
Lake_Wilson,3007092222,50.36494276652502
Lake_Wilson,3007102700,150.0
Lake_Wilson,3007102702,150.0
Lake_Wilson,3007102704,15.294589087755014
Lake_Wilson,3007102706,94.28124676037247
Lake_Wilson,3007102708,150.0
Lake_Wilson,3007102710,150.0
Lake_Wilson,3007102712,150.0
Lake_Wilson,3007102714,150.0
Lake_Wilson,3007102716,150.0
Lake_Wilson,3007102718,17.453113741188048
Lake_Wilson,3007102720,74.14619483148024
Lake_Wilson,3007102722,126.92791030257806
Lake_Wilson,3007121500,150.0
Lake_Wilson,3007121502,150.0
Lake_Wilson,3007121504,119.47114469168051
Lake_Wilson,3007121506,100.0179426016359
Lake_Wilson,3007121508,150.0
Lake_Wilson,3007121510,150.0
Lake_Wilson,3007121512,150.0
Lake_Wilson,3007121514,150.0
Lake_Wilson,3007121516,150.0
Lake_Wilson,3007121518,110.51091270668832
Lake_Wilson,3007121520,150.0
Lake_Wilson,3007121522,150.0
Lake_Wilson,3008022000,150.0
Lake_Wilson,3008022002,150.0
Lake_Wilson,3008022004,119.05393241557488
Lake_Wilson,3008022006,34.706825252902775
Lake_Wilson,3008022008,150.0
Lake_Wilson,3008022010,150.0
Lake_Wilson,3008022012,150.0
Lake_Wilson,3008022014,150.0
Lake_Wilson,3008022016,150.0
Lake_Wilson,3008022018,81.81524495954422
Lake_Wilson,3008022020,142.58910230096242
Lake_Wilson,3008022022,150.0
Lake_Wilson,3008041000,150.0
Lake_Wilson,3008041002,150.0
Lake_Wilson,3008041004,145.88423023700818
Lake_Wilson,3008041006,55.44557458434495
Lake_Wilson,3008041008,150.0
Lake_Wilson,3008041010,150.0
Lake_Wilson,3008041012,150.0
Lake_Wilson,3008041014,150.0
Lake_Wilson,3008041016,150.0
Lake_Wilson,3008041018,128.67019517864864
Lake_Wilson,3008041020,150.0
Lake_Wilson,3008041022,150.0
Lake_Wilson,3008061700,150.0
Lake_Wilson,3008061702,144.8856869388299
Lake_Wilson,3008061704,150.0
Lake_Wilson,3008061706,150.0
Lake_Wilson,3008061708,150.0
Lake_Wilson,3008061710,150.0
Lake_Wilson,3008061712,150.0
Lake_Wilson,3008061714,150.0
Lake_Wilson,3008061716,150.0
Lake_Wilson,3008061718,150.0
Lake_Wilson,3008061720,101.96209560146815
Lake_Wilson,3008061722,83.15221745970643
Lake_Wilson,3008081800,150.0
Lake_Wilson,3008081802,104.60272920626576
Lake_Wilson,3008081804,13.55612602911711
Lake_Wilson,3008081806,0.0
Lake_Wilson,3008081808,150.0
Lake_Wilson,3008081810,150.0
Lake_Wilson,3008081812,150.0
Lake_Wilson,3008081814,150.0
Lake_Wilson,3008081816,150.0
Lake_Wilson,3008081818,0.0
Lake_Wilson,3008081820,0.0
Lake_Wilson,3008081822,84.34114476461627
Lake_Wilson,3008091000,79.20350050675847
Lake_Wilson,3008091002,93.10935866122202
Lake_Wilson,3008091004,83.07024572675243
Lake_Wilson,3008091006,25.139194996632284
Lake_Wilson,3008091008,150.0
Lake_Wilson,3008091010,150.0
Lake_Wilson,3008091012,150.0
Lake_Wilson,3008091014,150.0
Lake_Wilson,3008091016,150.0
Lake_Wilson,3008091018,0.0
Lake_Wilson,3008091020,33.569079626364896
Lake_Wilson,3008091022,38.40862048226984
Lake_Wilson,3008112200,150.0
Lake_Wilson,3008112202,150.0
Lake_Wilson,3008112204,137.75117676622804
Lake_Wilson,3008112206,92.7555280471129
Lake_Wilson,3008112208,150.0
Lake_Wilson,3008112210,150.0
Lake_Wilson,3008112212,150.0
Lake_Wilson,3008112214,150.0
Lake_Wilson,3008112216,150.0
Lake_Wilson,3008112218,120.81243829524502
Lake_Wilson,3008112220,128.68085689141344
Lake_Wilson,3008112222,150.0
Lake_Wilson,3107011200,150.0
Lake_Wilson,3107011202,150.0
Lake_Wilson,3107011204,94.39780538169799
Lake_Wilson,3107011206,90.65351245318345
Lake_Wilson,3107011208,150.0
Lake_Wilson,3107011210,150.0
Lake_Wilson,3107011212,150.0
Lake_Wilson,3107011214,150.0
Lake_Wilson,3107011216,150.0
Lake_Wilson,3107011218,131.3317846225877
Lake_Wilson,3107011220,150.0
Lake_Wilson,3107011222,150.0
Lake_Wilson,3107011900,150.0
Lake_Wilson,3107011902,150.0
Lake_Wilson,3107011904,135.64552882813572
Lake_Wilson,3107011906,86.55255624546837
Lake_Wilson,3107011908,150.0
Lake_Wilson,3107011910,150.0
Lake_Wilson,3107011912,150.0
Lake_Wilson,3107011914,150.0
Lake_Wilson,3107011916,150.0
Lake_Wilson,3107011918,107.80191492640358
Lake_Wilson,3107011920,150.0
Lake_Wilson,3107011922,150.0
Lake_Wilson,3107021200,70.78925241160874
Lake_Wilson,3107021202,76.56222247530638
Lake_Wilson,3107021204,96.50969962839042
Lake_Wilson,3107021206,0.0
Lake_Wilson,3107021208,150.0
Lake_Wilson,3107021210,150.0
Lake_Wilson,3107021212,150.0
Lake_Wilson,3107021214,150.0
Lake_Wilson,3107021216,150.0
Lake_Wilson,3107021218,0.0
Lake_Wilson,3107021220,95.29699317967766
Lake_Wilson,3107021222,13.341832305016169
Lake_Wilson,3107050200,150.0
Lake_Wilson,3107050202,150.0
Lake_Wilson,3107050204,82.88689895876962
Lake_Wilson,3107050206,121.37361247684566
Lake_Wilson,3107050208,150.0
Lake_Wilson,3107050210,150.0
Lake_Wilson,3107050212,150.0
Lake_Wilson,3107050214,150.0
Lake_Wilson,3107050216,150.0
Lake_Wilson,3107050218,150.0
Lake_Wilson,3107050220,29.91232785936114
Lake_Wilson,3107050222,107.57278915095281
Lake_Wilson,3107092200,150.0
Lake_Wilson,3107092202,150.0
Lake_Wilson,3107092204,14.206411475621024
Lake_Wilson,3107092206,0.0
Lake_Wilson,3107092208,150.0
Lake_Wilson,3107092210,150.0
Lake_Wilson,3107092212,150.0
Lake_Wilson,3107092214,150.0
Lake_Wilson,3107092216,150.0
Lake_Wilson,3107092218,0.0
Lake_Wilson,3107092220,12.949086192581973
Lake_Wilson,3107092222,59.96368424392142
Lake_Wilson,3107102700,150.0
Lake_Wilson,3107102702,150.0
Lake_Wilson,3107102704,12.008484378518403
Lake_Wilson,3107102706,95.96448846749485
Lake_Wilson,3107102708,150.0
Lake_Wilson,3107102710,150.0
Lake_Wilson,3107102712,150.0
Lake_Wilson,3107102714,150.0
Lake_Wilson,3107102716,150.0
Lake_Wilson,3107102718,22.518495064719176
Lake_Wilson,3107102720,79.8505929741345
Lake_Wilson,3107102722,141.11859497622174
Lake_Wilson,3107121500,150.0
Lake_Wilson,3107121502,150.0
Lake_Wilson,3107121504,120.13914932734934
Lake_Wilson,3107121506,99.96931498167214
Lake_Wilson,3107121508,150.0
Lake_Wilson,3107121510,150.0
Lake_Wilson,3107121512,150.0
Lake_Wilson,3107121514,150.0
Lake_Wilson,3107121516,150.0
Lake_Wilson,3107121518,109.89153569098238
Lake_Wilson,3107121520,150.0
Lake_Wilson,3107121522,150.0
Lake_Wilson,3108022000,128.300956608646
Lake_Wilson,3108022002,150.0
Lake_Wilson,3108022004,118.71360549338391
Lake_Wilson,3108022006,33.098257172634646
Lake_Wilson,3108022008,150.0
Lake_Wilson,3108022010,150.0
Lake_Wilson,3108022012,150.0
Lake_Wilson,3108022014,150.0
Lake_Wilson,3108022016,150.0
Lake_Wilson,3108022018,77.70447885551965
Lake_Wilson,3108022020,132.82903441050402
Lake_Wilson,3108022022,150.0
Lake_Wilson,3108041000,150.0
Lake_Wilson,3108041002,150.0
Lake_Wilson,3108041004,146.40448126051345
Lake_Wilson,3108041006,55.013055159229054
Lake_Wilson,3108041008,150.0
Lake_Wilson,3108041010,150.0
Lake_Wilson,3108041012,150.0
Lake_Wilson,3108041014,150.0
Lake_Wilson,3108041016,150.0
Lake_Wilson,3108041018,128.58246358025923
Lake_Wilson,3108041020,150.0
Lake_Wilson,3108041022,150.0
Lake_Wilson,3108061700,150.0
Lake_Wilson,3108061702,145.18320231591616
Lake_Wilson,3108061704,150.0
Lake_Wilson,3108061706,150.0
Lake_Wilson,3108061708,150.0
Lake_Wilson,3108061710,150.0
Lake_Wilson,3108061712,150.0
Lake_Wilson,3108061714,150.0
Lake_Wilson,3108061716,150.0
Lake_Wilson,3108061718,150.0
Lake_Wilson,3108061720,81.69038874359467
Lake_Wilson,3108061722,94.86562253312223
Lake_Wilson,3108081800,136.28276452955356
Lake_Wilson,3108081802,91.33512155892254
Lake_Wilson,3108081804,0.0
Lake_Wilson,3108081806,0.0
Lake_Wilson,3108081808,150.0
Lake_Wilson,3108081810,150.0
Lake_Wilson,3108081812,150.0
Lake_Wilson,3108081814,150.0
Lake_Wilson,3108081816,150.0
Lake_Wilson,3108081818,150.0
Lake_Wilson,3108081820,0.0
Lake_Wilson,3108081822,23.355137492959273
Lake_Wilson,3108091000,85.67223429004628
Lake_Wilson,3108091002,97.20013604554765
Lake_Wilson,3108091004,71.69202439235698
Lake_Wilson,3108091006,0.0
Lake_Wilson,3108091008,150.0
Lake_Wilson,3108091010,150.0
Lake_Wilson,3108091012,150.0
Lake_Wilson,3108091014,150.0
Lake_Wilson,3108091016,150.0
Lake_Wilson,3108091018,0.0
Lake_Wilson,3108091020,13.033571428571435
Lake_Wilson,3108091022,84.90203384347728
Lake_Wilson,3108112200,150.0
Lake_Wilson,3108112202,150.0
Lake_Wilson,3108112204,137.64381136870145
Lake_Wilson,3108112206,91.95962115008142
Lake_Wilson,3108112208,150.0
Lake_Wilson,3108112210,150.0
Lake_Wilson,3108112212,150.0
Lake_Wilson,3108112214,150.0
Lake_Wilson,3108112216,150.0
Lake_Wilson,3108112218,120.92109303368511
Lake_Wilson,3108112220,129.475474447532
Lake_Wilson,3108112222,150.0
Lake_Wilson,3207011200,150.0
Lake_Wilson,3207011202,150.0
Lake_Wilson,3207011204,112.87936152281651
Lake_Wilson,3207011206,84.57415638905155
Lake_Wilson,3207011208,150.0
Lake_Wilson,3207011210,150.0
Lake_Wilson,3207011212,150.0
Lake_Wilson,3207011214,150.0
Lake_Wilson,3207011216,150.0
Lake_Wilson,3207011218,131.47682485076695
Lake_Wilson,3207011220,150.0
Lake_Wilson,3207011222,150.0
Lake_Wilson,3207011900,150.0
Lake_Wilson,3207011902,150.0
Lake_Wilson,3207011904,130.7953021074025
Lake_Wilson,3207011906,91.27743784605708
Lake_Wilson,3207011908,150.0
Lake_Wilson,3207011910,150.0
Lake_Wilson,3207011912,150.0
Lake_Wilson,3207011914,150.0
Lake_Wilson,3207011916,150.0
Lake_Wilson,3207011918,107.92726004655236
Lake_Wilson,3207011920,150.0
Lake_Wilson,3207011922,150.0
Lake_Wilson,3207021200,69.63172474586361
Lake_Wilson,3207021202,81.12757310838265
Lake_Wilson,3207021204,98.06476945540703
Lake_Wilson,3207021206,0.0
Lake_Wilson,3207021208,150.0
Lake_Wilson,3207021210,150.0
Lake_Wilson,3207021212,150.0
Lake_Wilson,3207021214,150.0
Lake_Wilson,3207021216,150.0
Lake_Wilson,3207021218,0.0
Lake_Wilson,3207021220,20.31053892625789
Lake_Wilson,3207021222,83.36539376408818
Lake_Wilson,3207050200,150.0
Lake_Wilson,3207050202,150.0
Lake_Wilson,3207050204,83.08486680373612
Lake_Wilson,3207050206,123.4426263420596
Lake_Wilson,3207050208,150.0
Lake_Wilson,3207050210,150.0
Lake_Wilson,3207050212,150.0
Lake_Wilson,3207050214,150.0
Lake_Wilson,3207050216,150.0
Lake_Wilson,3207050218,150.0
Lake_Wilson,3207050220,28.43693917242291
Lake_Wilson,3207050222,107.75022043859559
Lake_Wilson,3207092200,99.85832073366669
Lake_Wilson,3207092202,121.25225422388007
Lake_Wilson,3207092204,148.31947314398656
Lake_Wilson,3207092206,0.0
Lake_Wilson,3207092208,150.0
Lake_Wilson,3207092210,150.0
Lake_Wilson,3207092212,150.0
Lake_Wilson,3207092214,150.0
Lake_Wilson,3207092216,150.0
Lake_Wilson,3207092218,0.0
Lake_Wilson,3207092220,0.0
Lake_Wilson,3207092222,0.0
Lake_Wilson,3207102700,150.0
Lake_Wilson,3207102702,150.0
Lake_Wilson,3207102704,15.264986310039092
Lake_Wilson,3207102706,93.91635829465378
Lake_Wilson,3207102708,150.0
Lake_Wilson,3207102710,150.0
Lake_Wilson,3207102712,150.0
Lake_Wilson,3207102714,150.0
Lake_Wilson,3207102716,150.0
Lake_Wilson,3207102718,23.887950758973318
Lake_Wilson,3207102720,81.15653790270682
Lake_Wilson,3207102722,138.6576856617495
Lake_Wilson,3207121500,150.0
Lake_Wilson,3207121502,150.0
Lake_Wilson,3207121504,127.11483027771982
Lake_Wilson,3207121506,107.32974428568349
Lake_Wilson,3207121508,150.0
Lake_Wilson,3207121510,150.0
Lake_Wilson,3207121512,150.0
Lake_Wilson,3207121514,150.0
Lake_Wilson,3207121516,150.0
Lake_Wilson,3207121518,127.18073848252124
Lake_Wilson,3207121520,150.0
Lake_Wilson,3207121522,118.3746869540841
Lake_Wilson,3208022000,128.31275158295983
Lake_Wilson,3208022002,150.0
Lake_Wilson,3208022004,118.9678508793325
Lake_Wilson,3208022006,34.155031161130694
Lake_Wilson,3208022008,150.0
Lake_Wilson,3208022010,150.0
Lake_Wilson,3208022012,150.0
Lake_Wilson,3208022014,150.0
Lake_Wilson,3208022016,150.0
Lake_Wilson,3208022018,70.08522676100529
Lake_Wilson,3208022020,136.59328034846294
Lake_Wilson,3208022022,150.0
Lake_Wilson,3208041000,150.0
Lake_Wilson,3208041002,150.0
Lake_Wilson,3208041004,145.49611305715302
Lake_Wilson,3208041006,55.25765414356471
Lake_Wilson,3208041008,150.0
Lake_Wilson,3208041010,150.0
Lake_Wilson,3208041012,150.0
Lake_Wilson,3208041014,150.0
Lake_Wilson,3208041016,150.0
Lake_Wilson,3208041018,129.2462327992858
Lake_Wilson,3208041020,150.0
Lake_Wilson,3208041022,150.0
Lake_Wilson,3208061700,150.0
Lake_Wilson,3208061702,138.06838560796206
Lake_Wilson,3208061704,143.10700386053668
Lake_Wilson,3208061706,150.0
Lake_Wilson,3208061708,150.0
Lake_Wilson,3208061710,150.0
Lake_Wilson,3208061712,150.0
Lake_Wilson,3208061714,150.0
Lake_Wilson,3208061716,150.0
Lake_Wilson,3208061718,150.0
Lake_Wilson,3208061720,78.45659857849213
Lake_Wilson,3208061722,104.2568221624775
Lake_Wilson,3208081800,97.3926412360633
Lake_Wilson,3208081802,96.50160341729514
Lake_Wilson,3208081804,0.0
Lake_Wilson,3208081806,8.605755346641217
Lake_Wilson,3208081808,150.0
Lake_Wilson,3208081810,150.0
Lake_Wilson,3208081812,150.0
Lake_Wilson,3208081814,150.0
Lake_Wilson,3208081816,150.0
Lake_Wilson,3208081818,150.0
Lake_Wilson,3208081820,0.0
Lake_Wilson,3208081822,0.0
Lake_Wilson,3208091000,134.33345064919143
Lake_Wilson,3208091002,95.91084642977813
Lake_Wilson,3208091004,70.6302210746926
Lake_Wilson,3208091006,0.0
Lake_Wilson,3208091008,150.0
Lake_Wilson,3208091010,150.0
Lake_Wilson,3208091012,150.0
Lake_Wilson,3208091014,150.0
Lake_Wilson,3208091016,150.0
Lake_Wilson,3208091018,0.0
Lake_Wilson,3208091020,0.0
Lake_Wilson,3208091022,51.62548184633732
Lake_Wilson,3208112200,150.0
Lake_Wilson,3208112202,150.0
Lake_Wilson,3208112204,137.72161521549387
Lake_Wilson,3208112206,92.40089783622422
Lake_Wilson,3208112208,150.0
Lake_Wilson,3208112210,150.0
Lake_Wilson,3208112212,150.0
Lake_Wilson,3208112214,150.0
Lake_Wilson,3208112216,150.0
Lake_Wilson,3208112218,120.71108624507724
Lake_Wilson,3208112220,129.1664007032055
Lake_Wilson,3208112222,150.0
Lake_Wilson,3307011200,150.0
Lake_Wilson,3307011202,150.0
Lake_Wilson,3307011204,92.35669709728268
Lake_Wilson,3307011206,107.67544970480878
Lake_Wilson,3307011208,150.0
Lake_Wilson,3307011210,150.0
Lake_Wilson,3307011212,150.0
Lake_Wilson,3307011214,150.0
Lake_Wilson,3307011216,150.0
Lake_Wilson,3307011218,129.96785319792025
Lake_Wilson,3307011220,150.0
Lake_Wilson,3307011222,150.0
Lake_Wilson,3307011900,150.0
Lake_Wilson,3307011902,150.0
Lake_Wilson,3307011904,128.94790900802823
Lake_Wilson,3307011906,86.381552412106
Lake_Wilson,3307011908,150.0
Lake_Wilson,3307011910,150.0
Lake_Wilson,3307011912,150.0
Lake_Wilson,3307011914,150.0
Lake_Wilson,3307011916,150.0
Lake_Wilson,3307011918,114.67053857987241
Lake_Wilson,3307011920,150.0
Lake_Wilson,3307011922,150.0
Lake_Wilson,3307021200,116.90325641736496
Lake_Wilson,3307021202,79.36957280347221
Lake_Wilson,3307021204,98.6996958943694
Lake_Wilson,3307021206,0.0
Lake_Wilson,3307021208,150.0
Lake_Wilson,3307021210,150.0
Lake_Wilson,3307021212,150.0
Lake_Wilson,3307021214,150.0
Lake_Wilson,3307021216,150.0
Lake_Wilson,3307021218,0.0
Lake_Wilson,3307021220,0.0
Lake_Wilson,3307021222,57.527474884792184
Lake_Wilson,3307050200,150.0
Lake_Wilson,3307050202,150.0
Lake_Wilson,3307050204,82.46793343233776
Lake_Wilson,3307050206,120.7595928254857
Lake_Wilson,3307050208,150.0
Lake_Wilson,3307050210,150.0
Lake_Wilson,3307050212,150.0
Lake_Wilson,3307050214,150.0
Lake_Wilson,3307050216,150.0
Lake_Wilson,3307050218,150.0
Lake_Wilson,3307050220,27.923869728946727
Lake_Wilson,3307050222,112.25079395580673
Lake_Wilson,3307092200,149.60608459204514
Lake_Wilson,3307092202,90.0
Lake_Wilson,3307092204,90.0
Lake_Wilson,3307092206,0.37000000000000455
Lake_Wilson,3307092208,150.0
Lake_Wilson,3307092210,150.0
Lake_Wilson,3307092212,150.0
Lake_Wilson,3307092214,150.0
Lake_Wilson,3307092216,150.0
Lake_Wilson,3307092218,0.0
Lake_Wilson,3307092220,14.764307479091428
Lake_Wilson,3307092222,47.56435590132355
Lake_Wilson,3307102700,150.0
Lake_Wilson,3307102702,150.0
Lake_Wilson,3307102704,20.713291505770684
Lake_Wilson,3307102706,97.73534088385398
Lake_Wilson,3307102708,150.0
Lake_Wilson,3307102710,150.0
Lake_Wilson,3307102712,150.0
Lake_Wilson,3307102714,150.0
Lake_Wilson,3307102716,150.0
Lake_Wilson,3307102718,20.933690998588503
Lake_Wilson,3307102720,77.39488993933892
Lake_Wilson,3307102722,144.73609267795868
Lake_Wilson,3307121500,150.0
Lake_Wilson,3307121502,150.0
Lake_Wilson,3307121504,121.3248433913123
Lake_Wilson,3307121506,99.94352880277631
Lake_Wilson,3307121508,150.0
Lake_Wilson,3307121510,150.0
Lake_Wilson,3307121512,150.0
Lake_Wilson,3307121514,150.0
Lake_Wilson,3307121516,150.0
Lake_Wilson,3307121518,108.73162780591242
Lake_Wilson,3307121520,150.0
Lake_Wilson,3307121522,150.0
Lake_Wilson,3308022000,127.55736377635952
Lake_Wilson,3308022002,150.0
Lake_Wilson,3308022004,118.16670687548987
Lake_Wilson,3308022006,30.455716937366446
Lake_Wilson,3308022008,150.0
Lake_Wilson,3308022010,150.0
Lake_Wilson,3308022012,150.0
Lake_Wilson,3308022014,150.0
Lake_Wilson,3308022016,150.0
Lake_Wilson,3308022018,62.12755234562928
Lake_Wilson,3308022020,134.74345529109803
Lake_Wilson,3308022022,150.0
Lake_Wilson,3308041000,150.0
Lake_Wilson,3308041002,150.0
Lake_Wilson,3308041004,147.14681198755625
Lake_Wilson,3308041006,54.3142684052458
Lake_Wilson,3308041008,150.0
Lake_Wilson,3308041010,150.0
Lake_Wilson,3308041012,150.0
Lake_Wilson,3308041014,150.0
Lake_Wilson,3308041016,150.0
Lake_Wilson,3308041018,128.53891960720284
Lake_Wilson,3308041020,150.0
Lake_Wilson,3308041022,150.0
Lake_Wilson,3308061700,150.0
Lake_Wilson,3308061702,123.711997177164
Lake_Wilson,3308061704,135.42046161393228
Lake_Wilson,3308061706,141.52049288064575
Lake_Wilson,3308061708,150.0
Lake_Wilson,3308061710,150.0
Lake_Wilson,3308061712,150.0
Lake_Wilson,3308061714,150.0
Lake_Wilson,3308061716,150.0
Lake_Wilson,3308061718,150.0
Lake_Wilson,3308061720,0.0
Lake_Wilson,3308061722,58.029009752012314
Lake_Wilson,3308081800,103.69121881567779
Lake_Wilson,3308081802,106.29951099863175
Lake_Wilson,3308081804,14.500533553907957
Lake_Wilson,3308081806,0.0
Lake_Wilson,3308081808,150.0
Lake_Wilson,3308081810,150.0
Lake_Wilson,3308081812,150.0
Lake_Wilson,3308081814,150.0
Lake_Wilson,3308081816,150.0
Lake_Wilson,3308081818,20.834703241081627
Lake_Wilson,3308081820,0.0
Lake_Wilson,3308081822,107.17403339070086
Lake_Wilson,3308091000,110.10808585376147
Lake_Wilson,3308091002,125.11819551401346
Lake_Wilson,3308091004,74.04018654624304
Lake_Wilson,3308091006,0.0
Lake_Wilson,3308091008,150.0
Lake_Wilson,3308091010,150.0
Lake_Wilson,3308091012,150.0
Lake_Wilson,3308091014,150.0
Lake_Wilson,3308091016,150.0
Lake_Wilson,3308091018,0.0
Lake_Wilson,3308091020,0.0
Lake_Wilson,3308091022,43.23353208598181
Lake_Wilson,3308112200,150.0
Lake_Wilson,3308112202,150.0
Lake_Wilson,3308112204,137.4703214846812
Lake_Wilson,3308112206,90.61967705784346
Lake_Wilson,3308112208,150.0
Lake_Wilson,3308112210,150.0
Lake_Wilson,3308112212,150.0
Lake_Wilson,3308112214,150.0
Lake_Wilson,3308112216,150.0
Lake_Wilson,3308112218,121.04449164486451
Lake_Wilson,3308112220,130.8655098126122
Lake_Wilson,3308112222,150.0
Lake_Wilson,3407011200,150.0
Lake_Wilson,3407011202,150.0
Lake_Wilson,3407011204,119.79720448486896
Lake_Wilson,3407011206,108.85905624671088
Lake_Wilson,3407011208,150.0
Lake_Wilson,3407011210,150.0
Lake_Wilson,3407011212,150.0
Lake_Wilson,3407011214,150.0
Lake_Wilson,3407011216,150.0
Lake_Wilson,3407011218,101.34373926842318
Lake_Wilson,3407011220,150.0
Lake_Wilson,3407011222,150.0
Lake_Wilson,3407011900,150.0
Lake_Wilson,3407011902,150.0
Lake_Wilson,3407011904,150.0
Lake_Wilson,3407011906,94.4424478405177
Lake_Wilson,3407011908,150.0
Lake_Wilson,3407011910,150.0
Lake_Wilson,3407011912,150.0
Lake_Wilson,3407011914,150.0
Lake_Wilson,3407011916,150.0
Lake_Wilson,3407011918,95.71448620907017
Lake_Wilson,3407011920,139.84306595041937
Lake_Wilson,3407011922,150.0
Lake_Wilson,3407021200,81.26939347102228
Lake_Wilson,3407021202,80.47868351902525
Lake_Wilson,3407021204,96.97096683576109
Lake_Wilson,3407021206,0.0
Lake_Wilson,3407021208,150.0
Lake_Wilson,3407021210,150.0
Lake_Wilson,3407021212,150.0
Lake_Wilson,3407021214,150.0
Lake_Wilson,3407021216,150.0
Lake_Wilson,3407021218,0.0
Lake_Wilson,3407021220,78.4999999999999
Lake_Wilson,3407021222,15.280956174190294
Lake_Wilson,3407050200,150.0
Lake_Wilson,3407050202,150.0
Lake_Wilson,3407050204,82.30842102672796
Lake_Wilson,3407050206,120.67599688305728
Lake_Wilson,3407050208,150.0
Lake_Wilson,3407050210,150.0
Lake_Wilson,3407050212,150.0
Lake_Wilson,3407050214,150.0
Lake_Wilson,3407050216,150.0
Lake_Wilson,3407050218,150.0
Lake_Wilson,3407050220,26.89634217242039
Lake_Wilson,3407050222,114.76943174871343
Lake_Wilson,3407092200,102.70276119250707
Lake_Wilson,3407092202,123.17662544170207
Lake_Wilson,3407092204,150.0
Lake_Wilson,3407092206,15.816934226909893
Lake_Wilson,3407092208,150.0
Lake_Wilson,3407092210,150.0
Lake_Wilson,3407092212,150.0
Lake_Wilson,3407092214,150.0
Lake_Wilson,3407092216,150.0
Lake_Wilson,3407092218,0.0
Lake_Wilson,3407092220,0.0
Lake_Wilson,3407092222,0.0
Lake_Wilson,3407102700,150.0
Lake_Wilson,3407102702,150.0
Lake_Wilson,3407102704,19.24285993219206
Lake_Wilson,3407102706,95.75571206252336
Lake_Wilson,3407102708,150.0
Lake_Wilson,3407102710,150.0
Lake_Wilson,3407102712,150.0
Lake_Wilson,3407102714,150.0
Lake_Wilson,3407102716,150.0
Lake_Wilson,3407102718,25.61547201602582
Lake_Wilson,3407102720,79.33850414846128
Lake_Wilson,3407102722,150.0
Lake_Wilson,3407121500,150.0
Lake_Wilson,3407121502,150.0
Lake_Wilson,3407121504,121.84838177841988
Lake_Wilson,3407121506,99.96642662814622
Lake_Wilson,3407121508,150.0
Lake_Wilson,3407121510,150.0
Lake_Wilson,3407121512,150.0
Lake_Wilson,3407121514,150.0
Lake_Wilson,3407121516,150.0
Lake_Wilson,3407121518,108.18519159343401
Lake_Wilson,3407121520,150.0
Lake_Wilson,3407121522,150.0
Lake_Wilson,3408022000,101.38497109453391
Lake_Wilson,3408022002,124.18198475095681
Lake_Wilson,3408022004,90.0
Lake_Wilson,3408022006,0.0
Lake_Wilson,3408022008,150.0
Lake_Wilson,3408022010,150.0
Lake_Wilson,3408022012,150.0
Lake_Wilson,3408022014,150.0
Lake_Wilson,3408022016,150.0
Lake_Wilson,3408022018,0.0
Lake_Wilson,3408022020,17.347783611231932
Lake_Wilson,3408022022,90.00000000001151
Lake_Wilson,3408041000,150.0
Lake_Wilson,3408041002,150.0
Lake_Wilson,3408041004,150.0
Lake_Wilson,3408041006,56.66891407072811
Lake_Wilson,3408041008,150.0
Lake_Wilson,3408041010,150.0
Lake_Wilson,3408041012,150.0
Lake_Wilson,3408041014,150.0
Lake_Wilson,3408041016,150.0
Lake_Wilson,3408041018,125.98753586172859
Lake_Wilson,3408041020,147.34355006754527
Lake_Wilson,3408041022,150.0
Lake_Wilson,3408061700,150.0
Lake_Wilson,3408061702,114.01037533016796
Lake_Wilson,3408061704,128.23370853735747
Lake_Wilson,3408061706,135.20831606658618
Lake_Wilson,3408061708,150.0
Lake_Wilson,3408061710,150.0
Lake_Wilson,3408061712,150.0
Lake_Wilson,3408061714,150.0
Lake_Wilson,3408061716,150.0
Lake_Wilson,3408061718,102.634640067693
Lake_Wilson,3408061720,0.0
Lake_Wilson,3408061722,108.97070769960374
Lake_Wilson,3408081800,103.51522732590172
Lake_Wilson,3408081802,106.46694673557852
Lake_Wilson,3408081804,14.490489986533873
Lake_Wilson,3408081806,0.0
Lake_Wilson,3408081808,150.0
Lake_Wilson,3408081810,150.0
Lake_Wilson,3408081812,150.0
Lake_Wilson,3408081814,150.0
Lake_Wilson,3408081816,150.0
Lake_Wilson,3408081818,25.769490665782826
Lake_Wilson,3408081820,0.0
Lake_Wilson,3408081822,102.25784528620267
Lake_Wilson,3408091000,95.90866067356484
Lake_Wilson,3408091002,111.26555973648539
Lake_Wilson,3408091004,88.93824466616059
Lake_Wilson,3408091006,0.0
Lake_Wilson,3408091008,150.0
Lake_Wilson,3408091010,150.0
Lake_Wilson,3408091012,150.0
Lake_Wilson,3408091014,150.0
Lake_Wilson,3408091016,150.0
Lake_Wilson,3408091018,0.0
Lake_Wilson,3408091020,0.0
Lake_Wilson,3408091022,56.387534923788905
Lake_Wilson,3408112200,150.0
Lake_Wilson,3408112202,150.0
Lake_Wilson,3408112204,137.40339299308548
Lake_Wilson,3408112206,90.06925073021918
Lake_Wilson,3408112208,150.0
Lake_Wilson,3408112210,150.0
Lake_Wilson,3408112212,150.0
Lake_Wilson,3408112214,150.0
Lake_Wilson,3408112216,150.0
Lake_Wilson,3408112218,121.05963355033286
Lake_Wilson,3408112220,131.46772272636326
Lake_Wilson,3408112222,150.0
Lake_Wilson,3507011200,150.0
Lake_Wilson,3507011202,150.0
Lake_Wilson,3507011204,81.88526714055703
Lake_Wilson,3507011206,103.90669397856178
Lake_Wilson,3507011208,150.0
Lake_Wilson,3507011210,150.0
Lake_Wilson,3507011212,150.0
Lake_Wilson,3507011214,150.0
Lake_Wilson,3507011216,150.0
Lake_Wilson,3507011218,144.20803888088778
Lake_Wilson,3507011220,150.0
Lake_Wilson,3507011222,150.0
Lake_Wilson,3507011900,150.0
Lake_Wilson,3507011902,150.0
Lake_Wilson,3507011904,132.34113493666553
Lake_Wilson,3507011906,88.79233204125309
Lake_Wilson,3507011908,150.0
Lake_Wilson,3507011910,150.0
Lake_Wilson,3507011912,150.0
Lake_Wilson,3507011914,150.0
Lake_Wilson,3507011916,150.0
Lake_Wilson,3507011918,108.86653302208515
Lake_Wilson,3507011920,150.0
Lake_Wilson,3507011922,150.0
Lake_Wilson,3507021200,67.78690986167362
Lake_Wilson,3507021202,80.58177707859329
Lake_Wilson,3507021204,99.67927590106473
Lake_Wilson,3507021206,0.0
Lake_Wilson,3507021208,150.0
Lake_Wilson,3507021210,150.0
Lake_Wilson,3507021212,150.0
Lake_Wilson,3507021214,150.0
Lake_Wilson,3507021216,150.0
Lake_Wilson,3507021218,0.0
Lake_Wilson,3507021220,97.08972058223901
Lake_Wilson,3507021222,7.362316576428611
Lake_Wilson,3507050200,150.0
Lake_Wilson,3507050202,150.0
Lake_Wilson,3507050204,82.31259218266877
Lake_Wilson,3507050206,121.6123359529742
Lake_Wilson,3507050208,150.0
Lake_Wilson,3507050210,150.0
Lake_Wilson,3507050212,150.0
Lake_Wilson,3507050214,150.0
Lake_Wilson,3507050216,150.0
Lake_Wilson,3507050218,150.0
Lake_Wilson,3507050220,25.700704573814903
Lake_Wilson,3507050222,116.78768576024976
Lake_Wilson,3507092200,150.0
Lake_Wilson,3507092202,150.0
Lake_Wilson,3507092204,41.16822199271158
Lake_Wilson,3507092206,0.0
Lake_Wilson,3507092208,150.0
Lake_Wilson,3507092210,150.0
Lake_Wilson,3507092212,150.0
Lake_Wilson,3507092214,150.0
Lake_Wilson,3507092216,150.0
Lake_Wilson,3507092218,0.0
Lake_Wilson,3507092220,0.0
Lake_Wilson,3507092222,47.057117959609286
Lake_Wilson,3507102700,150.0
Lake_Wilson,3507102702,150.0
Lake_Wilson,3507102704,20.84499677821816
Lake_Wilson,3507102706,97.24194087492708
Lake_Wilson,3507102708,150.0
Lake_Wilson,3507102710,150.0
Lake_Wilson,3507102712,150.0
Lake_Wilson,3507102714,150.0
Lake_Wilson,3507102716,150.0
Lake_Wilson,3507102718,22.407550274469372
Lake_Wilson,3507102720,81.81870611168273
Lake_Wilson,3507102722,150.0
Lake_Wilson,3507121500,150.0
Lake_Wilson,3507121502,150.0
Lake_Wilson,3507121504,150.0
Lake_Wilson,3507121506,38.00191306377843
Lake_Wilson,3507121508,150.0
Lake_Wilson,3507121510,150.0
Lake_Wilson,3507121512,150.0
Lake_Wilson,3507121514,150.0
Lake_Wilson,3507121516,150.0
Lake_Wilson,3507121518,141.99808693622418
Lake_Wilson,3507121520,150.0
Lake_Wilson,3507121522,150.0
Lake_Wilson,3508022000,97.67385207796025
Lake_Wilson,3508022002,120.695380148325
Lake_Wilson,3508022004,88.6555857561429
Lake_Wilson,3508022006,0.0
Lake_Wilson,3508022008,150.0
Lake_Wilson,3508022010,150.0
Lake_Wilson,3508022012,150.0
Lake_Wilson,3508022014,150.0
Lake_Wilson,3508022016,150.0
Lake_Wilson,3508022018,0.0
Lake_Wilson,3508022020,39.56558843079847
Lake_Wilson,3508022022,74.776706756887
Lake_Wilson,3508041000,150.0
Lake_Wilson,3508041002,150.0
Lake_Wilson,3508041004,147.0436726117268
Lake_Wilson,3508041006,53.96186858796813
Lake_Wilson,3508041008,150.0
Lake_Wilson,3508041010,150.0
Lake_Wilson,3508041012,150.0
Lake_Wilson,3508041014,150.0
Lake_Wilson,3508041016,150.0
Lake_Wilson,3508041018,128.99445880031277
Lake_Wilson,3508041020,150.0
Lake_Wilson,3508041022,150.0
Lake_Wilson,3508061700,148.77503631523825
Lake_Wilson,3508061702,123.07740025820306
Lake_Wilson,3508061704,122.6672238016697
Lake_Wilson,3508061706,135.7170801613984
Lake_Wilson,3508061708,150.0
Lake_Wilson,3508061710,150.0
Lake_Wilson,3508061712,150.0
Lake_Wilson,3508061714,150.0
Lake_Wilson,3508061716,150.0
Lake_Wilson,3508061718,150.0
Lake_Wilson,3508061720,0.0
Lake_Wilson,3508061722,37.63916448582893
Lake_Wilson,3508081800,102.55735787263012
Lake_Wilson,3508081802,105.73387803772044
Lake_Wilson,3508081804,13.759189356880029
Lake_Wilson,3508081806,0.0
Lake_Wilson,3508081808,150.0
Lake_Wilson,3508081810,150.0
Lake_Wilson,3508081812,150.0
Lake_Wilson,3508081814,150.0
Lake_Wilson,3508081816,150.0
Lake_Wilson,3508081818,130.44957473276958
Lake_Wilson,3508081820,0.0
Lake_Wilson,3508081822,0.0
Lake_Wilson,3508091000,83.05906045540706
Lake_Wilson,3508091002,98.6406723548103
Lake_Wilson,3508091004,72.4567892080438
Lake_Wilson,3508091006,0.0
Lake_Wilson,3508091008,150.0
Lake_Wilson,3508091010,150.0
Lake_Wilson,3508091012,150.0
Lake_Wilson,3508091014,150.0
Lake_Wilson,3508091016,150.0
Lake_Wilson,3508091018,0.0
Lake_Wilson,3508091020,6.440172436735708
Lake_Wilson,3508091022,91.90330554500221
Lake_Wilson,3508112200,150.0
Lake_Wilson,3508112202,150.0
Lake_Wilson,3508112204,137.40227022231252
Lake_Wilson,3508112206,89.95154790126422
Lake_Wilson,3508112208,150.0
Lake_Wilson,3508112210,150.0
Lake_Wilson,3508112212,150.0
Lake_Wilson,3508112214,150.0
Lake_Wilson,3508112216,150.0
Lake_Wilson,3508112218,120.95479682893995
Lake_Wilson,3508112220,131.69138504748565
Lake_Wilson,3508112222,150.0
Lake_Wilson,3607011200,150.0
Lake_Wilson,3607011202,150.0
Lake_Wilson,3607011204,88.86110025570866
Lake_Wilson,3607011206,85.71893271392179
Lake_Wilson,3607011208,150.0
Lake_Wilson,3607011210,150.0
Lake_Wilson,3607011212,150.0
Lake_Wilson,3607011214,150.0
Lake_Wilson,3607011216,150.0
Lake_Wilson,3607011218,138.8086680292102
Lake_Wilson,3607011220,150.0
Lake_Wilson,3607011222,150.0
Lake_Wilson,3607011900,150.0
Lake_Wilson,3607011902,150.0
Lake_Wilson,3607011904,133.3327714767571
Lake_Wilson,3607011906,92.6174280827004
Lake_Wilson,3607011908,150.0
Lake_Wilson,3607011910,150.0
Lake_Wilson,3607011912,150.0
Lake_Wilson,3607011914,150.0
Lake_Wilson,3607011916,150.0
Lake_Wilson,3607011918,104.04980044055173
Lake_Wilson,3607011920,150.0
Lake_Wilson,3607011922,150.0
Lake_Wilson,3607021200,74.58480940125736
Lake_Wilson,3607021202,71.15614234944098
Lake_Wilson,3607021204,91.157247340867
Lake_Wilson,3607021206,0.0
Lake_Wilson,3607021208,150.0
Lake_Wilson,3607021210,150.0
Lake_Wilson,3607021212,150.0
Lake_Wilson,3607021214,150.0
Lake_Wilson,3607021216,150.0
Lake_Wilson,3607021218,0.0
Lake_Wilson,3607021220,90.0
Lake_Wilson,3607021222,25.60180090843437
Lake_Wilson,3607050200,150.0
Lake_Wilson,3607050202,150.0
Lake_Wilson,3607050204,82.9321020554579
Lake_Wilson,3607050206,125.68990067887302
Lake_Wilson,3607050208,150.0
Lake_Wilson,3607050210,150.0
Lake_Wilson,3607050212,150.0
Lake_Wilson,3607050214,150.0
Lake_Wilson,3607050216,150.0
Lake_Wilson,3607050218,150.0
Lake_Wilson,3607050220,21.362404168906494
Lake_Wilson,3607050222,113.24293707654891
Lake_Wilson,3607092200,150.0
Lake_Wilson,3607092202,90.0
Lake_Wilson,3607092204,79.8183842851891
Lake_Wilson,3607092206,0.0
Lake_Wilson,3607092208,150.0
Lake_Wilson,3607092210,150.0
Lake_Wilson,3607092212,150.0
Lake_Wilson,3607092214,150.0
Lake_Wilson,3607092216,150.0
Lake_Wilson,3607092218,0.0
Lake_Wilson,3607092220,0.0
Lake_Wilson,3607092222,48.49051253698701
Lake_Wilson,3607102700,150.0
Lake_Wilson,3607102702,150.0
Lake_Wilson,3607102704,20.892821521904295
Lake_Wilson,3607102706,98.69812850752147
Lake_Wilson,3607102708,150.0
Lake_Wilson,3607102710,150.0
Lake_Wilson,3607102712,150.0
Lake_Wilson,3607102714,150.0
Lake_Wilson,3607102716,150.0
Lake_Wilson,3607102718,7.088262909059637
Lake_Wilson,3607102720,65.84533783404154
Lake_Wilson,3607102722,140.9836419292728
Lake_Wilson,3607121500,150.0
Lake_Wilson,3607121502,150.0
Lake_Wilson,3607121504,121.07989702942413
Lake_Wilson,3607121506,100.45694076142959
Lake_Wilson,3607121508,150.0
Lake_Wilson,3607121510,150.0
Lake_Wilson,3607121512,150.0
Lake_Wilson,3607121514,150.0
Lake_Wilson,3607121516,150.0
Lake_Wilson,3607121518,108.46316220914309
Lake_Wilson,3607121520,150.0
Lake_Wilson,3607121522,150.0
Lake_Wilson,3608022000,91.09239869053916
Lake_Wilson,3608022002,109.18573119431137
Lake_Wilson,3608022004,82.52707030178709
Lake_Wilson,3608022006,0.0
Lake_Wilson,3608022008,150.0
Lake_Wilson,3608022010,150.0
Lake_Wilson,3608022012,150.0
Lake_Wilson,3608022014,150.0
Lake_Wilson,3608022016,150.0
Lake_Wilson,3608022018,0.0
Lake_Wilson,3608022020,0.0
Lake_Wilson,3608022022,69.6947998133615
Lake_Wilson,3608041000,150.0
Lake_Wilson,3608041002,150.0
Lake_Wilson,3608041004,139.25541847989888
Lake_Wilson,3608041006,49.188629293966116
Lake_Wilson,3608041008,150.0
Lake_Wilson,3608041010,150.0
Lake_Wilson,3608041012,150.0
Lake_Wilson,3608041014,150.0
Lake_Wilson,3608041016,150.0
Lake_Wilson,3608041018,141.55595222613755
Lake_Wilson,3608041020,150.0
Lake_Wilson,3608041022,150.0
Lake_Wilson,3608061700,150.0
Lake_Wilson,3608061702,106.53778529904491
Lake_Wilson,3608061704,128.76553329621242
Lake_Wilson,3608061706,41.35014142775208
Lake_Wilson,3608061708,150.0
Lake_Wilson,3608061710,150.0
Lake_Wilson,3608061712,150.0
Lake_Wilson,3608061714,150.0
Lake_Wilson,3608061716,150.0
Lake_Wilson,3608061718,150.0
Lake_Wilson,3608061720,0.0
Lake_Wilson,3608061722,90.0
Lake_Wilson,3608081800,97.80246488751419
Lake_Wilson,3608081802,100.67502495969848
Lake_Wilson,3608081804,9.376969988915448
Lake_Wilson,3608081806,0.0
Lake_Wilson,3608081808,150.0
Lake_Wilson,3608081810,150.0
Lake_Wilson,3608081812,150.0
Lake_Wilson,3608081814,150.0
Lake_Wilson,3608081816,150.0
Lake_Wilson,3608081818,146.44418980661402
Lake_Wilson,3608081820,0.0
Lake_Wilson,3608081822,0.0
Lake_Wilson,3608091000,74.73540611952558
Lake_Wilson,3608091002,90.0
Lake_Wilson,3608091004,64.531804543872
Lake_Wilson,3608091006,0.0
Lake_Wilson,3608091008,150.0
Lake_Wilson,3608091010,150.0
Lake_Wilson,3608091012,150.0
Lake_Wilson,3608091014,150.0
Lake_Wilson,3608091016,150.0
Lake_Wilson,3608091018,0.0
Lake_Wilson,3608091020,18.578745141174437
Lake_Wilson,3608091022,104.65404419542799
Lake_Wilson,3608112200,150.0
Lake_Wilson,3608112202,150.0
Lake_Wilson,3608112204,140.69198093278493
Lake_Wilson,3608112206,94.54981083559805
Lake_Wilson,3608112208,150.0
Lake_Wilson,3608112210,150.0
Lake_Wilson,3608112212,150.0
Lake_Wilson,3608112214,150.0
Lake_Wilson,3608112216,150.0
Lake_Wilson,3608112218,117.39348427219896
Lake_Wilson,3608112220,127.36472395941853
Lake_Wilson,3608112222,150.0
Lake_Wilson,3707011200,150.0
Lake_Wilson,3707011202,150.0
Lake_Wilson,3707011204,73.76311815362357
Lake_Wilson,3707011206,66.6006930151737
Lake_Wilson,3707011208,150.0
Lake_Wilson,3707011210,150.0
Lake_Wilson,3707011212,150.0
Lake_Wilson,3707011214,150.0
Lake_Wilson,3707011216,150.0
Lake_Wilson,3707011218,127.9253122741195
Lake_Wilson,3707011220,150.0
Lake_Wilson,3707011222,150.0
Lake_Wilson,3707011900,150.0
Lake_Wilson,3707011902,150.0
Lake_Wilson,3707011904,150.0
Lake_Wilson,3707011906,105.26825903806521
Lake_Wilson,3707011908,150.0
Lake_Wilson,3707011910,150.0
Lake_Wilson,3707011912,150.0
Lake_Wilson,3707011914,150.0
Lake_Wilson,3707011916,150.0
Lake_Wilson,3707011918,89.60171912438297
Lake_Wilson,3707011920,135.13002183755822
Lake_Wilson,3707011922,150.0
Lake_Wilson,3707021200,68.62961057494579
Lake_Wilson,3707021202,82.04823316922096
Lake_Wilson,3707021204,95.40303949649962
Lake_Wilson,3707021206,0.0
Lake_Wilson,3707021208,150.0
Lake_Wilson,3707021210,150.0
Lake_Wilson,3707021212,150.0
Lake_Wilson,3707021214,150.0
Lake_Wilson,3707021216,150.0
Lake_Wilson,3707021218,0.0
Lake_Wilson,3707021220,93.64692786609254
Lake_Wilson,3707021222,12.77218889324081
Lake_Wilson,3707050200,150.0
Lake_Wilson,3707050202,150.0
Lake_Wilson,3707050204,82.12041520230133
Lake_Wilson,3707050206,121.45102054056042
Lake_Wilson,3707050208,150.0
Lake_Wilson,3707050210,150.0
Lake_Wilson,3707050212,150.0
Lake_Wilson,3707050214,150.0
Lake_Wilson,3707050216,150.0
Lake_Wilson,3707050218,150.0
Lake_Wilson,3707050220,18.713877788643174
Lake_Wilson,3707050222,117.33296519685217
Lake_Wilson,3707092200,150.0
Lake_Wilson,3707092202,63.24320477300017
Lake_Wilson,3707092204,90.0
Lake_Wilson,3707092206,44.76080137820918
Lake_Wilson,3707092208,150.0
Lake_Wilson,3707092210,150.0
Lake_Wilson,3707092212,150.0
Lake_Wilson,3707092214,150.0
Lake_Wilson,3707092216,150.0
Lake_Wilson,3707092218,0.0
Lake_Wilson,3707092220,0.0
Lake_Wilson,3707092222,46.006961880232154
Lake_Wilson,3707102700,150.0
Lake_Wilson,3707102702,150.0
Lake_Wilson,3707102704,14.627231671756022
Lake_Wilson,3707102706,71.42581535455412
Lake_Wilson,3707102708,150.0
Lake_Wilson,3707102710,150.0
Lake_Wilson,3707102712,150.0
Lake_Wilson,3707102714,150.0
Lake_Wilson,3707102716,150.0
Lake_Wilson,3707102718,0.0
Lake_Wilson,3707102720,60.422907839630795
Lake_Wilson,3707102722,135.86418212855796
Lake_Wilson,3707121500,150.0
Lake_Wilson,3707121502,150.0
Lake_Wilson,3707121504,122.93516091870151
Lake_Wilson,3707121506,100.20652133198513
Lake_Wilson,3707121508,150.0
Lake_Wilson,3707121510,150.0
Lake_Wilson,3707121512,150.0
Lake_Wilson,3707121514,150.0
Lake_Wilson,3707121516,150.0
Lake_Wilson,3707121518,106.85831774931597
Lake_Wilson,3707121520,150.0
Lake_Wilson,3707121522,150.0
Lake_Wilson,3708022000,98.40729636120125
Lake_Wilson,3708022002,122.08623883537342
Lake_Wilson,3708022004,89.7916979393259
Lake_Wilson,3708022006,0.0
Lake_Wilson,3708022008,150.0
Lake_Wilson,3708022010,150.0
Lake_Wilson,3708022012,150.0
Lake_Wilson,3708022014,150.0
Lake_Wilson,3708022016,150.0
Lake_Wilson,3708022018,0.0
Lake_Wilson,3708022020,14.278055065091166
Lake_Wilson,3708022022,63.12354079581593
Lake_Wilson,3708041000,150.0
Lake_Wilson,3708041002,150.0
Lake_Wilson,3708041004,136.8695895972227
Lake_Wilson,3708041006,43.237133492570095
Lake_Wilson,3708041008,150.0
Lake_Wilson,3708041010,150.0
Lake_Wilson,3708041012,150.0
Lake_Wilson,3708041014,150.0
Lake_Wilson,3708041016,150.0
Lake_Wilson,3708041018,150.0
Lake_Wilson,3708041020,149.89327691021043
Lake_Wilson,3708041022,150.0
Lake_Wilson,3708061700,112.37769588141452
Lake_Wilson,3708061702,87.35167016972252
Lake_Wilson,3708061704,90.0
Lake_Wilson,3708061706,87.54033454137613
Lake_Wilson,3708061708,150.0
Lake_Wilson,3708061710,150.0
Lake_Wilson,3708061712,150.0
Lake_Wilson,3708061714,150.0
Lake_Wilson,3708061716,150.0
Lake_Wilson,3708061718,150.0
Lake_Wilson,3708061720,0.0
Lake_Wilson,3708061722,90.0
Lake_Wilson,3708081800,94.04874006371386
Lake_Wilson,3708081802,100.5387357350155
Lake_Wilson,3708081804,11.378138088817309
Lake_Wilson,3708081806,0.0
Lake_Wilson,3708081808,150.0
Lake_Wilson,3708081810,150.0
Lake_Wilson,3708081812,150.0
Lake_Wilson,3708081814,150.0
Lake_Wilson,3708081816,150.0
Lake_Wilson,3708081818,146.53438611245235
Lake_Wilson,3708081820,0.0
Lake_Wilson,3708081822,0.0
Lake_Wilson,3708091000,133.31181089480413
Lake_Wilson,3708091002,149.54169530896309
Lake_Wilson,3708091004,5.129042001611481
Lake_Wilson,3708091006,0.0
Lake_Wilson,3708091008,150.0
Lake_Wilson,3708091010,150.0
Lake_Wilson,3708091012,150.0
Lake_Wilson,3708091014,150.0
Lake_Wilson,3708091016,150.0
Lake_Wilson,3708091018,0.0
Lake_Wilson,3708091020,0.0
Lake_Wilson,3708091022,64.51745179462085
Lake_Wilson,3708112200,150.0
Lake_Wilson,3708112202,150.0
Lake_Wilson,3708112204,137.31880407062778
Lake_Wilson,3708112206,89.15818227179136
Lake_Wilson,3708112208,150.0
Lake_Wilson,3708112210,150.0
Lake_Wilson,3708112212,150.0
Lake_Wilson,3708112214,150.0
Lake_Wilson,3708112216,150.0
Lake_Wilson,3708112218,120.87007865997055
Lake_Wilson,3708112220,132.65293499760975
Lake_Wilson,3708112222,150.0
Lake_Wilson,3807011200,150.0
Lake_Wilson,3807011202,150.0
Lake_Wilson,3807011204,150.0
Lake_Wilson,3807011206,27.68295142561601
Lake_Wilson,3807011208,150.0
Lake_Wilson,3807011210,150.0
Lake_Wilson,3807011212,150.0
Lake_Wilson,3807011214,150.0
Lake_Wilson,3807011216,150.0
Lake_Wilson,3807011218,98.94806579501682
Lake_Wilson,3807011220,108.02959794426454
Lake_Wilson,3807011222,150.0
Lake_Wilson,3807011900,150.0
Lake_Wilson,3807011902,150.0
Lake_Wilson,3807011904,135.41392870401256
Lake_Wilson,3807011906,90.5497941917474
Lake_Wilson,3807011908,150.0
Lake_Wilson,3807011910,150.0
Lake_Wilson,3807011912,150.0
Lake_Wilson,3807011914,150.0
Lake_Wilson,3807011916,150.0
Lake_Wilson,3807011918,104.03627710424564
Lake_Wilson,3807011920,150.0
Lake_Wilson,3807011922,150.0
Lake_Wilson,3807021200,76.1077460331401
Lake_Wilson,3807021202,77.05944143684194
Lake_Wilson,3807021204,100.99120355262886
Lake_Wilson,3807021206,0.0
Lake_Wilson,3807021208,150.0
Lake_Wilson,3807021210,150.0
Lake_Wilson,3807021212,150.0
Lake_Wilson,3807021214,150.0
Lake_Wilson,3807021216,150.0
Lake_Wilson,3807021218,0.0
Lake_Wilson,3807021220,90.0
Lake_Wilson,3807021222,8.341608977388375
Lake_Wilson,3807050200,150.0
Lake_Wilson,3807050202,150.0
Lake_Wilson,3807050204,82.1281113009943
Lake_Wilson,3807050206,121.93653433985452
Lake_Wilson,3807050208,150.0
Lake_Wilson,3807050210,150.0
Lake_Wilson,3807050212,150.0
Lake_Wilson,3807050214,150.0
Lake_Wilson,3807050216,150.0
Lake_Wilson,3807050218,150.0
Lake_Wilson,3807050220,15.196510337326401
Lake_Wilson,3807050222,118.11390740868347
Lake_Wilson,3807092200,104.3090689598921
Lake_Wilson,3807092202,128.1721749804471
Lake_Wilson,3807092204,150.0
Lake_Wilson,3807092206,5.833879204594041
Lake_Wilson,3807092208,150.0
Lake_Wilson,3807092210,150.0
Lake_Wilson,3807092212,150.0
Lake_Wilson,3807092214,150.0
Lake_Wilson,3807092216,150.0
Lake_Wilson,3807092218,0.0
Lake_Wilson,3807092220,0.0
Lake_Wilson,3807092222,0.0
Lake_Wilson,3807102700,150.0
Lake_Wilson,3807102702,150.0
Lake_Wilson,3807102704,14.860899134614613
Lake_Wilson,3807102706,90.36688431793203
Lake_Wilson,3807102708,150.0
Lake_Wilson,3807102710,150.0
Lake_Wilson,3807102712,150.0
Lake_Wilson,3807102714,150.0
Lake_Wilson,3807102716,150.0
Lake_Wilson,3807102718,0.0
Lake_Wilson,3807102720,40.78379951968367
Lake_Wilson,3807102722,120.53428127633754
Lake_Wilson,3807121500,150.0
Lake_Wilson,3807121502,150.0
Lake_Wilson,3807121504,150.0
Lake_Wilson,3807121506,50.504850214422106
Lake_Wilson,3807121508,150.0
Lake_Wilson,3807121510,150.0
Lake_Wilson,3807121512,150.0
Lake_Wilson,3807121514,150.0
Lake_Wilson,3807121516,150.0
Lake_Wilson,3807121518,129.49514978558378
Lake_Wilson,3807121520,150.0
Lake_Wilson,3807121522,150.0
Lake_Wilson,3808022000,114.6055295370654
Lake_Wilson,3808022002,138.58336506140833
Lake_Wilson,3808022004,106.29502938223368
Lake_Wilson,3808022006,0.0
Lake_Wilson,3808022008,150.0
Lake_Wilson,3808022010,150.0
Lake_Wilson,3808022012,150.0
Lake_Wilson,3808022014,150.0
Lake_Wilson,3808022016,150.0
Lake_Wilson,3808022018,0.0
Lake_Wilson,3808022020,0.0
Lake_Wilson,3808022022,90.32249824858863
Lake_Wilson,3808041000,150.0
Lake_Wilson,3808041002,150.0
Lake_Wilson,3808041004,146.1832865820854
Lake_Wilson,3808041006,52.927632311201535
Lake_Wilson,3808041008,150.0
Lake_Wilson,3808041010,150.0
Lake_Wilson,3808041012,150.0
Lake_Wilson,3808041014,150.0
Lake_Wilson,3808041016,150.0
Lake_Wilson,3808041018,130.8890811067181
Lake_Wilson,3808041020,150.0
Lake_Wilson,3808041022,150.0
Lake_Wilson,3808061700,150.0
Lake_Wilson,3808061702,125.27229883455516
Lake_Wilson,3808061704,111.20855239862044
Lake_Wilson,3808061706,123.54809509969277
Lake_Wilson,3808061708,150.0
Lake_Wilson,3808061710,150.0
Lake_Wilson,3808061712,150.0
Lake_Wilson,3808061714,150.0
Lake_Wilson,3808061716,150.0
Lake_Wilson,3808061718,150.0
Lake_Wilson,3808061720,0.0
Lake_Wilson,3808061722,124.01749437817125
Lake_Wilson,3808081800,150.0
Lake_Wilson,3808081802,96.24846220967993
Lake_Wilson,3808081804,9.761798010309803
Lake_Wilson,3808081806,0.0
Lake_Wilson,3808081808,150.0
Lake_Wilson,3808081810,150.0
Lake_Wilson,3808081812,150.0
Lake_Wilson,3808081814,150.0
Lake_Wilson,3808081816,150.0
Lake_Wilson,3808081818,80.11315406262025
Lake_Wilson,3808081820,0.0
Lake_Wilson,3808081822,16.376585717389844
Lake_Wilson,3808091000,99.54380634517537
Lake_Wilson,3808091002,91.11463826564403
Lake_Wilson,3808091004,64.70714990228146
Lake_Wilson,3808091006,0.0
Lake_Wilson,3808091008,150.0
Lake_Wilson,3808091010,150.0
Lake_Wilson,3808091012,150.0
Lake_Wilson,3808091014,150.0
Lake_Wilson,3808091016,150.0
Lake_Wilson,3808091018,0.0
Lake_Wilson,3808091020,0.0
Lake_Wilson,3808091022,97.13440548689942
Lake_Wilson,3808112200,150.0
Lake_Wilson,3808112202,150.0
Lake_Wilson,3808112204,137.31815003468196
Lake_Wilson,3808112206,89.00619094075688
Lake_Wilson,3808112208,150.0
Lake_Wilson,3808112210,150.0
Lake_Wilson,3808112212,150.0
Lake_Wilson,3808112214,150.0
Lake_Wilson,3808112216,150.0
Lake_Wilson,3808112218,120.7281804637988
Lake_Wilson,3808112220,132.9474785607629
Lake_Wilson,3808112222,150.0
Lake_Wilson,3907011200,150.0
Lake_Wilson,3907011202,150.0
Lake_Wilson,3907011204,56.534601829589235
Lake_Wilson,3907011206,48.6743318579251
Lake_Wilson,3907011208,150.0
Lake_Wilson,3907011210,150.0
Lake_Wilson,3907011212,150.0
Lake_Wilson,3907011214,150.0
Lake_Wilson,3907011216,150.0
Lake_Wilson,3907011218,113.6097479074009
Lake_Wilson,3907011220,136.8001290527127
Lake_Wilson,3907011222,150.0
Lake_Wilson,3907011900,150.0
Lake_Wilson,3907011902,150.0
Lake_Wilson,3907011904,136.0331855980133
Lake_Wilson,3907011906,90.60392875960403
Lake_Wilson,3907011908,150.0
Lake_Wilson,3907011910,150.0
Lake_Wilson,3907011912,150.0
Lake_Wilson,3907011914,150.0
Lake_Wilson,3907011916,150.0
Lake_Wilson,3907011918,103.36288564238498
Lake_Wilson,3907011920,150.0
Lake_Wilson,3907011922,150.0
Lake_Wilson,3907021200,73.46517546847139
Lake_Wilson,3907021202,82.85384077422225
Lake_Wilson,3907021204,101.5549075213799
Lake_Wilson,3907021206,0.0
Lake_Wilson,3907021208,150.0
Lake_Wilson,3907021210,150.0
Lake_Wilson,3907021212,150.0
Lake_Wilson,3907021214,150.0
Lake_Wilson,3907021216,150.0
Lake_Wilson,3907021218,0.0
Lake_Wilson,3907021220,88.54939066002876
Lake_Wilson,3907021222,6.076685575897159
Lake_Wilson,3907050200,150.0
Lake_Wilson,3907050202,150.0
Lake_Wilson,3907050204,82.05124217912078
Lake_Wilson,3907050206,121.9035044582771
Lake_Wilson,3907050208,150.0
Lake_Wilson,3907050210,150.0
Lake_Wilson,3907050212,150.0
Lake_Wilson,3907050214,150.0
Lake_Wilson,3907050216,150.0
Lake_Wilson,3907050218,150.0
Lake_Wilson,3907050220,11.851663432633131
Lake_Wilson,3907050222,120.13488384132533
Lake_Wilson,3907092200,104.85771467440054
Lake_Wilson,3907092202,129.16449144931772
Lake_Wilson,3907092204,150.0
Lake_Wilson,3907092206,0.0
Lake_Wilson,3907092208,150.0
Lake_Wilson,3907092210,150.0
Lake_Wilson,3907092212,150.0
Lake_Wilson,3907092214,150.0
Lake_Wilson,3907092216,150.0
Lake_Wilson,3907092218,0.0
Lake_Wilson,3907092220,0.0
Lake_Wilson,3907092222,0.0
Lake_Wilson,3907102700,139.94467020394222
Lake_Wilson,3907102702,150.0
Lake_Wilson,3907102704,0.0
Lake_Wilson,3907102706,64.01921709859943
Lake_Wilson,3907102708,150.0
Lake_Wilson,3907102710,150.0
Lake_Wilson,3907102712,150.0
Lake_Wilson,3907102714,150.0
Lake_Wilson,3907102716,150.0
Lake_Wilson,3907102718,0.0
Lake_Wilson,3907102720,61.51011360542191
Lake_Wilson,3907102722,146.51757073608064
Lake_Wilson,3907121500,150.0
Lake_Wilson,3907121502,150.0
Lake_Wilson,3907121504,123.7435061885684
Lake_Wilson,3907121506,100.4801843114247
Lake_Wilson,3907121508,150.0
Lake_Wilson,3907121510,150.0
Lake_Wilson,3907121512,150.0
Lake_Wilson,3907121514,150.0
Lake_Wilson,3907121516,150.0
Lake_Wilson,3907121518,105.776309500009
Lake_Wilson,3907121520,150.0
Lake_Wilson,3907121522,150.0
Lake_Wilson,3908022000,88.58772020795081
Lake_Wilson,3908022002,123.64226394725213
Lake_Wilson,3908022004,91.24998746956248
Lake_Wilson,3908022006,0.0
Lake_Wilson,3908022008,150.0
Lake_Wilson,3908022010,150.0
Lake_Wilson,3908022012,150.0
Lake_Wilson,3908022014,150.0
Lake_Wilson,3908022016,150.0
Lake_Wilson,3908022018,0.0
Lake_Wilson,3908022020,0.0
Lake_Wilson,3908022022,74.3406384386472
Lake_Wilson,3908041000,150.0
Lake_Wilson,3908041002,150.0
Lake_Wilson,3908041004,141.86364435960664
Lake_Wilson,3908041006,56.780710404798725
Lake_Wilson,3908041008,150.0
Lake_Wilson,3908041010,150.0
Lake_Wilson,3908041012,150.0
Lake_Wilson,3908041014,150.0
Lake_Wilson,3908041016,150.0
Lake_Wilson,3908041018,131.35564523559881
Lake_Wilson,3908041020,150.0
Lake_Wilson,3908041022,150.0
Lake_Wilson,3908061700,150.0
Lake_Wilson,3908061702,123.9726303450625
Lake_Wilson,3908061704,129.555086176656
Lake_Wilson,3908061706,115.60030178989808
Lake_Wilson,3908061708,150.0
Lake_Wilson,3908061710,150.0
Lake_Wilson,3908061712,150.0
Lake_Wilson,3908061714,150.0
Lake_Wilson,3908061716,150.0
Lake_Wilson,3908061718,150.0
Lake_Wilson,3908061720,0.0
Lake_Wilson,3908061722,78.70180085112139
Lake_Wilson,3908081800,90.58114554389505
Lake_Wilson,3908081802,95.12535458015772
Lake_Wilson,3908081804,8.070244220248355
Lake_Wilson,3908081806,0.0
Lake_Wilson,3908081808,150.0
Lake_Wilson,3908081810,150.0
Lake_Wilson,3908081812,150.0
Lake_Wilson,3908081814,150.0
Lake_Wilson,3908081816,150.0
Lake_Wilson,3908081818,150.0
Lake_Wilson,3908081820,0.0
Lake_Wilson,3908081822,8.723255655698324
Lake_Wilson,3908091000,111.7790975895262
Lake_Wilson,3908091002,128.7339070519908
Lake_Wilson,3908091004,69.91524482892453
Lake_Wilson,3908091006,0.0
Lake_Wilson,3908091008,150.0
Lake_Wilson,3908091010,150.0
Lake_Wilson,3908091012,150.0
Lake_Wilson,3908091014,150.0
Lake_Wilson,3908091016,150.0
Lake_Wilson,3908091018,0.0
Lake_Wilson,3908091020,0.0
Lake_Wilson,3908091022,42.071750529559154
Lake_Wilson,3908112200,150.0
Lake_Wilson,3908112202,150.0
Lake_Wilson,3908112204,137.2827198883857
Lake_Wilson,3908112206,88.59484979247375
Lake_Wilson,3908112208,150.0
Lake_Wilson,3908112210,150.0
Lake_Wilson,3908112212,150.0
Lake_Wilson,3908112214,150.0
Lake_Wilson,3908112216,150.0
Lake_Wilson,3908112218,120.61997216682545
Lake_Wilson,3908112220,133.50245815231563
Lake_Wilson,3908112222,150.0
Lake_Wilson,4007011200,150.0
Lake_Wilson,4007011202,150.0
Lake_Wilson,4007011204,89.78566007997728
Lake_Wilson,4007011206,84.52616469896458
Lake_Wilson,4007011208,150.0
Lake_Wilson,4007011210,150.0
Lake_Wilson,4007011212,150.0
Lake_Wilson,4007011214,150.0
Lake_Wilson,4007011216,150.0
Lake_Wilson,4007011218,90.0
Lake_Wilson,4007011220,112.61984203163195
Lake_Wilson,4007011222,150.0
Lake_Wilson,4007011900,150.0
Lake_Wilson,4007011902,150.0
Lake_Wilson,4007011904,150.0
Lake_Wilson,4007011906,110.395445414726
Lake_Wilson,4007011908,150.0
Lake_Wilson,4007011910,150.0
Lake_Wilson,4007011912,150.0
Lake_Wilson,4007011914,150.0
Lake_Wilson,4007011916,150.0
Lake_Wilson,4007011918,69.60455458527996
Lake_Wilson,4007011920,150.0
Lake_Wilson,4007011922,150.0
Lake_Wilson,4007021200,71.09446901574148
Lake_Wilson,4007021202,73.70495861356511
Lake_Wilson,4007021204,98.96788555320654
Lake_Wilson,4007021206,0.0
Lake_Wilson,4007021208,150.0
Lake_Wilson,4007021210,150.0
Lake_Wilson,4007021212,150.0
Lake_Wilson,4007021214,150.0
Lake_Wilson,4007021216,150.0
Lake_Wilson,4007021218,0.0
Lake_Wilson,4007021220,6.515716833054853
Lake_Wilson,4007021222,102.21696998443116
Lake_Wilson,4007050200,150.0
Lake_Wilson,4007050202,150.0
Lake_Wilson,4007050204,82.64384493627512
Lake_Wilson,4007050206,125.95299019526465
Lake_Wilson,4007050208,150.0
Lake_Wilson,4007050210,150.0
Lake_Wilson,4007050212,150.0
Lake_Wilson,4007050214,150.0
Lake_Wilson,4007050216,150.0
Lake_Wilson,4007050218,150.0
Lake_Wilson,4007050220,7.9099520010981905
Lake_Wilson,4007050222,119.82936327258335
Lake_Wilson,4007092200,49.94780984303043
Lake_Wilson,4007092202,74.01594773992286
Lake_Wilson,4007092204,100.92055773910499
Lake_Wilson,4007092206,87.52603931728817
Lake_Wilson,4007092208,150.0
Lake_Wilson,4007092210,150.0
Lake_Wilson,4007092212,150.0
Lake_Wilson,4007092214,150.0
Lake_Wilson,4007092216,150.0
Lake_Wilson,4007092218,0.0
Lake_Wilson,4007092220,17.410829496530027
Lake_Wilson,4007092222,25.42771249604209
Lake_Wilson,4007102700,118.8557953506928
Lake_Wilson,4007102702,150.0
Lake_Wilson,4007102704,0.0
Lake_Wilson,4007102706,52.50352277884099
Lake_Wilson,4007102708,150.0
Lake_Wilson,4007102710,150.0
Lake_Wilson,4007102712,150.0
Lake_Wilson,4007102714,150.0
Lake_Wilson,4007102716,150.0
Lake_Wilson,4007102718,0.0
Lake_Wilson,4007102720,60.51721658249568
Lake_Wilson,4007102722,150.0
Lake_Wilson,4007121500,150.0
Lake_Wilson,4007121502,150.0
Lake_Wilson,4007121504,150.0
Lake_Wilson,4007121506,73.9417310055515
Lake_Wilson,4007121508,150.0
Lake_Wilson,4007121510,150.0
Lake_Wilson,4007121512,150.0
Lake_Wilson,4007121514,150.0
Lake_Wilson,4007121516,150.0
Lake_Wilson,4007121518,106.05826899445441
Lake_Wilson,4007121520,150.0
Lake_Wilson,4007121522,150.0
Lake_Wilson,4008022000,95.36973500123048
Lake_Wilson,4008022002,119.64886786280158
Lake_Wilson,4008022004,88.01879638424333
Lake_Wilson,4008022006,0.0
Lake_Wilson,4008022008,150.0
Lake_Wilson,4008022010,150.0
Lake_Wilson,4008022012,150.0
Lake_Wilson,4008022014,150.0
Lake_Wilson,4008022016,150.0
Lake_Wilson,4008022018,0.0
Lake_Wilson,4008022020,0.0
Lake_Wilson,4008022022,82.35754313163739
Lake_Wilson,4008041000,150.0
Lake_Wilson,4008041002,150.0
Lake_Wilson,4008041004,130.44695332829772
Lake_Wilson,4008041006,150.0
Lake_Wilson,4008041008,150.0
Lake_Wilson,4008041010,150.0
Lake_Wilson,4008041012,150.0
Lake_Wilson,4008041014,150.0
Lake_Wilson,4008041016,150.0
Lake_Wilson,4008041018,91.15921630623023
Lake_Wilson,4008041020,108.39383036547531
Lake_Wilson,4008041022,150.0
Lake_Wilson,4008061700,150.0
Lake_Wilson,4008061702,125.53549938974538
Lake_Wilson,4008061704,130.04842950786974
Lake_Wilson,4008061706,98.3029980236808
Lake_Wilson,4008061708,150.0
Lake_Wilson,4008061710,150.0
Lake_Wilson,4008061712,150.0
Lake_Wilson,4008061714,150.0
Lake_Wilson,4008061716,150.0
Lake_Wilson,4008061718,150.0
Lake_Wilson,4008061720,0.0
Lake_Wilson,4008061722,133.0124174559782
Lake_Wilson,4008081800,86.56204905717209
Lake_Wilson,4008081802,95.48718907086214
Lake_Wilson,4008081804,3.856566031297973
Lake_Wilson,4008081806,0.0
Lake_Wilson,4008081808,150.0
Lake_Wilson,4008081810,150.0
Lake_Wilson,4008081812,150.0
Lake_Wilson,4008081814,150.0
Lake_Wilson,4008081816,150.0
Lake_Wilson,4008081818,39.392918021829246
Lake_Wilson,4008081820,0.0
Lake_Wilson,4008081822,127.2012778188381
Lake_Wilson,4008091000,108.31893529008892
Lake_Wilson,4008091002,90.00000000000034
Lake_Wilson,4008091004,64.18106470991125
Lake_Wilson,4008091006,0.0
Lake_Wilson,4008091008,150.0
Lake_Wilson,4008091010,150.0
Lake_Wilson,4008091012,150.0
Lake_Wilson,4008091014,150.0
Lake_Wilson,4008091016,150.0
Lake_Wilson,4008091018,0.0
Lake_Wilson,4008091020,0.0
Lake_Wilson,4008091022,89.99999999999993
Lake_Wilson,4008112200,150.0
Lake_Wilson,4008112202,150.0
Lake_Wilson,4008112204,145.6075828211893
Lake_Wilson,4008112206,98.05899303638361
Lake_Wilson,4008112208,150.0
Lake_Wilson,4008112210,150.0
Lake_Wilson,4008112212,150.0
Lake_Wilson,4008112214,150.0
Lake_Wilson,4008112216,150.0
Lake_Wilson,4008112218,137.5504353851656
Lake_Wilson,4008112220,150.0
Lake_Wilson,4008112222,98.78298875725903
Lake_Wilson,4107011200,150.0
Lake_Wilson,4107011202,150.0
Lake_Wilson,4107011204,34.993944725668285
Lake_Wilson,4107011206,31.288089044709295
Lake_Wilson,4107011208,150.0
Lake_Wilson,4107011210,150.0
Lake_Wilson,4107011212,150.0
Lake_Wilson,4107011214,150.0
Lake_Wilson,4107011216,150.0
Lake_Wilson,4107011218,81.24220576688242
Lake_Wilson,4107011220,105.53339818013262
Lake_Wilson,4107011222,150.0
Lake_Wilson,4107011900,150.0
Lake_Wilson,4107011902,150.0
Lake_Wilson,4107011904,150.0
Lake_Wilson,4107011906,107.44774330754058
Lake_Wilson,4107011908,150.0
Lake_Wilson,4107011910,150.0
Lake_Wilson,4107011912,150.0
Lake_Wilson,4107011914,150.0
Lake_Wilson,4107011916,150.0
Lake_Wilson,4107011918,125.30452928142267
Lake_Wilson,4107011920,97.24772741104084
Lake_Wilson,4107011922,150.0
Lake_Wilson,4107021200,124.53619641364733
Lake_Wilson,4107021202,131.01406491920827
Lake_Wilson,4107021204,108.41908190966916
Lake_Wilson,4107021206,0.0
Lake_Wilson,4107021208,150.0
Lake_Wilson,4107021210,150.0
Lake_Wilson,4107021212,150.0
Lake_Wilson,4107021214,150.0
Lake_Wilson,4107021216,150.0
Lake_Wilson,4107021218,0.0
Lake_Wilson,4107021220,0.0
Lake_Wilson,4107021222,55.20982600165789
Lake_Wilson,4107050200,150.0
Lake_Wilson,4107050202,150.0
Lake_Wilson,4107050204,75.22088582816343
Lake_Wilson,4107050206,124.13781532545352
Lake_Wilson,4107050208,150.0
Lake_Wilson,4107050210,150.0
Lake_Wilson,4107050212,150.0
Lake_Wilson,4107050214,150.0
Lake_Wilson,4107050216,150.0
Lake_Wilson,4107050218,147.759723505063
Lake_Wilson,4107050220,0.0
Lake_Wilson,4107050222,120.73931602952399
Lake_Wilson,4107092200,140.3398365920026
Lake_Wilson,4107092202,150.0
Lake_Wilson,4107092204,150.0
Lake_Wilson,4107092206,0.0
Lake_Wilson,4107092208,150.0
Lake_Wilson,4107092210,150.0
Lake_Wilson,4107092212,150.0
Lake_Wilson,4107092214,150.0
Lake_Wilson,4107092216,150.0
Lake_Wilson,4107092218,0.0
Lake_Wilson,4107092220,0.0
Lake_Wilson,4107092222,32.24680301637409
Lake_Wilson,4107102700,150.0
Lake_Wilson,4107102702,150.0
Lake_Wilson,4107102704,13.397402127769453
Lake_Wilson,4107102706,90.0
Lake_Wilson,4107102708,150.0
Lake_Wilson,4107102710,150.0
Lake_Wilson,4107102712,150.0
Lake_Wilson,4107102714,150.0
Lake_Wilson,4107102716,150.0
Lake_Wilson,4107102718,20.65022598300402
Lake_Wilson,4107102720,88.27585431917066
Lake_Wilson,4107102722,150.0
Lake_Wilson,4107121500,150.0
Lake_Wilson,4107121502,150.0
Lake_Wilson,4107121504,126.9998325440817
Lake_Wilson,4107121506,104.25693254299779
Lake_Wilson,4107121508,150.0
Lake_Wilson,4107121510,150.0
Lake_Wilson,4107121512,150.0
Lake_Wilson,4107121514,150.0
Lake_Wilson,4107121516,150.0
Lake_Wilson,4107121518,98.74323491292972
Lake_Wilson,4107121520,150.0
Lake_Wilson,4107121522,150.0
Lake_Wilson,4108022000,88.45866459238454
Lake_Wilson,4108022002,113.96059298587096
Lake_Wilson,4108022004,81.21400298354385
Lake_Wilson,4108022006,0.0
Lake_Wilson,4108022008,150.0
Lake_Wilson,4108022010,150.0
Lake_Wilson,4108022012,150.0
Lake_Wilson,4108022014,150.0
Lake_Wilson,4108022016,150.0
Lake_Wilson,4108022018,0.0
Lake_Wilson,4108022020,0.0
Lake_Wilson,4108022022,68.86673943820036
Lake_Wilson,4108041000,150.0
Lake_Wilson,4108041002,150.0
Lake_Wilson,4108041004,145.85336710071235
Lake_Wilson,4108041006,53.186283610557695
Lake_Wilson,4108041008,150.0
Lake_Wilson,4108041010,150.0
Lake_Wilson,4108041012,150.0
Lake_Wilson,4108041014,150.0
Lake_Wilson,4108041016,150.0
Lake_Wilson,4108041018,130.96034928873883
Lake_Wilson,4108041020,150.0
Lake_Wilson,4108041022,150.0
Lake_Wilson,4108061700,150.0
Lake_Wilson,4108061702,123.85939991410658
Lake_Wilson,4108061704,130.15047575910057
Lake_Wilson,4108061706,123.7349570238058
Lake_Wilson,4108061708,150.0
Lake_Wilson,4108061710,150.0
Lake_Wilson,4108061712,150.0
Lake_Wilson,4108061714,150.0
Lake_Wilson,4108061716,150.0
Lake_Wilson,4108061718,67.82084852702474
Lake_Wilson,4108061720,0.0
Lake_Wilson,4108061722,141.4307909062669
Lake_Wilson,4108081800,90.0
Lake_Wilson,4108081802,94.71632900036104
Lake_Wilson,4108081804,1.2869389692099276
Lake_Wilson,4108081806,0.0
Lake_Wilson,4108081808,150.0
Lake_Wilson,4108081810,150.0
Lake_Wilson,4108081812,150.0
Lake_Wilson,4108081814,150.0
Lake_Wilson,4108081816,150.0
Lake_Wilson,4108081818,150.0
Lake_Wilson,4108081820,0.0
Lake_Wilson,4108081822,52.63621473023409
Lake_Wilson,4108091000,92.7984858999888
Lake_Wilson,4108091002,108.75329544957293
Lake_Wilson,4108091004,102.95656011143359
Lake_Wilson,4108091006,0.0
Lake_Wilson,4108091008,150.0
Lake_Wilson,4108091010,150.0
Lake_Wilson,4108091012,150.0
Lake_Wilson,4108091014,150.0
Lake_Wilson,4108091016,150.0
Lake_Wilson,4108091018,0.0
Lake_Wilson,4108091020,0.0
Lake_Wilson,4108091022,47.99165853900445
Lake_Wilson,4108112200,150.0
Lake_Wilson,4108112202,150.0
Lake_Wilson,4108112204,150.0
Lake_Wilson,4108112206,100.47934043294771
Lake_Wilson,4108112208,150.0
Lake_Wilson,4108112210,150.0
Lake_Wilson,4108112212,150.0
Lake_Wilson,4108112214,150.0
Lake_Wilson,4108112216,150.0
Lake_Wilson,4108112218,150.0
Lake_Wilson,4108112220,81.23949239713752
Lake_Wilson,4108112222,148.28116716991335
Lake_Wilson,4207011200,150.0
Lake_Wilson,4207011202,150.0
Lake_Wilson,4207011204,51.91785002760895
Lake_Wilson,4207011206,57.934469583824495
Lake_Wilson,4207011208,150.0
Lake_Wilson,4207011210,150.0
Lake_Wilson,4207011212,150.0
Lake_Wilson,4207011214,150.0
Lake_Wilson,4207011216,150.0
Lake_Wilson,4207011218,19.972275795456312
Lake_Wilson,4207011220,35.407928561776544
Lake_Wilson,4207011222,150.0
Lake_Wilson,4207011900,150.0
Lake_Wilson,4207011902,150.0
Lake_Wilson,4207011904,121.2704653224099
Lake_Wilson,4207011906,84.32220945982618
Lake_Wilson,4207011908,150.0
Lake_Wilson,4207011910,150.0
Lake_Wilson,4207011912,150.0
Lake_Wilson,4207011914,150.0
Lake_Wilson,4207011916,150.0
Lake_Wilson,4207011918,150.0
Lake_Wilson,4207011920,124.40732521777142
Lake_Wilson,4207011922,150.0
Lake_Wilson,4207021200,150.0
Lake_Wilson,4207021202,150.0
Lake_Wilson,4207021204,150.0
Lake_Wilson,4207021206,0.0
Lake_Wilson,4207021208,150.0
Lake_Wilson,4207021210,150.0
Lake_Wilson,4207021212,150.0
Lake_Wilson,4207021214,150.0
Lake_Wilson,4207021216,150.0
Lake_Wilson,4207021218,0.0
Lake_Wilson,4207021220,65.84843095761073
Lake_Wilson,4207021222,73.2457201285921
Lake_Wilson,4207050200,150.0
Lake_Wilson,4207050202,150.0
Lake_Wilson,4207050204,76.09162365037719
Lake_Wilson,4207050206,127.21979994070227
Lake_Wilson,4207050208,150.0
Lake_Wilson,4207050210,150.0
Lake_Wilson,4207050212,150.0
Lake_Wilson,4207050214,150.0
Lake_Wilson,4207050216,150.0
Lake_Wilson,4207050218,150.0
Lake_Wilson,4207050220,0.0
Lake_Wilson,4207050222,125.79108579101256
Lake_Wilson,4207092200,91.66193136983992
Lake_Wilson,4207092202,115.82248227005101
Lake_Wilson,4207092204,150.0
Lake_Wilson,4207092206,116.33195820257265
Lake_Wilson,4207092208,150.0
Lake_Wilson,4207092210,150.0
Lake_Wilson,4207092212,150.0
Lake_Wilson,4207092214,150.0
Lake_Wilson,4207092216,150.0
Lake_Wilson,4207092218,0.0
Lake_Wilson,4207092220,25.30654536397367
Lake_Wilson,4207092222,120.25089232024612
Lake_Wilson,4207102700,150.0
Lake_Wilson,4207102702,150.0
Lake_Wilson,4207102704,8.022574399903192
Lake_Wilson,4207102706,86.74989307531092
Lake_Wilson,4207102708,150.0
Lake_Wilson,4207102710,150.0
Lake_Wilson,4207102712,150.0
Lake_Wilson,4207102714,150.0
Lake_Wilson,4207102716,150.0
Lake_Wilson,4207102718,30.236654717268436
Lake_Wilson,4207102720,112.03682042593954
Lake_Wilson,4207102722,150.0
Lake_Wilson,4207121500,150.0
Lake_Wilson,4207121502,150.0
Lake_Wilson,4207121504,105.59537734686063
Lake_Wilson,4207121506,66.65424726292605
Lake_Wilson,4207121508,150.0
Lake_Wilson,4207121510,150.0
Lake_Wilson,4207121512,150.0
Lake_Wilson,4207121514,150.0
Lake_Wilson,4207121516,150.0
Lake_Wilson,4207121518,74.94456886006765
Lake_Wilson,4207121520,117.30580653014567
Lake_Wilson,4207121522,150.0
Lake_Wilson,4208022000,69.07531551447568
Lake_Wilson,4208022002,94.78541356640403
Lake_Wilson,4208022004,62.97011232308353
Lake_Wilson,4208022006,0.0
Lake_Wilson,4208022008,150.0
Lake_Wilson,4208022010,150.0
Lake_Wilson,4208022012,150.0
Lake_Wilson,4208022014,150.0
Lake_Wilson,4208022016,150.0
Lake_Wilson,4208022018,0.0
Lake_Wilson,4208022020,51.852815868967014
Lake_Wilson,4208022022,90.0
Lake_Wilson,4208041000,150.0
Lake_Wilson,4208041002,150.0
Lake_Wilson,4208041004,146.3793179856758
Lake_Wilson,4208041006,54.29006674594055
Lake_Wilson,4208041008,150.0
Lake_Wilson,4208041010,150.0
Lake_Wilson,4208041012,150.0
Lake_Wilson,4208041014,150.0
Lake_Wilson,4208041016,150.0
Lake_Wilson,4208041018,129.33061526838742
Lake_Wilson,4208041020,150.0
Lake_Wilson,4208041022,150.0
Lake_Wilson,4208061700,117.67957493707286
Lake_Wilson,4208061702,93.96740595128097
Lake_Wilson,4208061704,90.0
Lake_Wilson,4208061706,133.98775429965076
Lake_Wilson,4208061708,150.0
Lake_Wilson,4208061710,150.0
Lake_Wilson,4208061712,150.0
Lake_Wilson,4208061714,150.0
Lake_Wilson,4208061716,150.0
Lake_Wilson,4208061718,90.0
Lake_Wilson,4208061720,0.0
Lake_Wilson,4208061722,0.0
Lake_Wilson,4208081800,150.0
Lake_Wilson,4208081802,150.0
Lake_Wilson,4208081804,54.62139654619543
Lake_Wilson,4208081806,57.0371725452718
Lake_Wilson,4208081808,150.0
Lake_Wilson,4208081810,150.0
Lake_Wilson,4208081812,150.0
Lake_Wilson,4208081814,150.0
Lake_Wilson,4208081816,150.0
Lake_Wilson,4208081818,75.0
Lake_Wilson,4208081820,0.0
Lake_Wilson,4208081822,53.73346864013263
Lake_Wilson,4208091000,108.30741224234964
Lake_Wilson,4208091002,110.40865755951552
Lake_Wilson,4208091004,62.537915432072396
Lake_Wilson,4208091006,0.0
Lake_Wilson,4208091008,150.0
Lake_Wilson,4208091010,150.0
Lake_Wilson,4208091012,150.0
Lake_Wilson,4208091014,150.0
Lake_Wilson,4208091016,150.0
Lake_Wilson,4208091018,0.0
Lake_Wilson,4208091020,0.0
Lake_Wilson,4208091022,71.24601476606297
Lake_Wilson,4208112200,150.0
Lake_Wilson,4208112202,150.0
Lake_Wilson,4208112204,136.79669506500375
Lake_Wilson,4208112206,136.05937178038448
Lake_Wilson,4208112208,150.0
Lake_Wilson,4208112210,150.0
Lake_Wilson,4208112212,150.0
Lake_Wilson,4208112214,150.0
Lake_Wilson,4208112216,150.0
Lake_Wilson,4208112218,83.71318124978643
Lake_Wilson,4208112220,123.43075190482068
Lake_Wilson,4208112222,150.0
Lake_Wilson,4307011200,150.0
Lake_Wilson,4307011202,150.0
Lake_Wilson,4307011204,20.11978708629408
Lake_Wilson,4307011206,25.785518215299703
Lake_Wilson,4307011208,150.0
Lake_Wilson,4307011210,150.0
Lake_Wilson,4307011212,150.0
Lake_Wilson,4307011214,150.0
Lake_Wilson,4307011216,150.0
Lake_Wilson,4307011218,0.0
Lake_Wilson,4307011220,16.22868208871853
Lake_Wilson,4307011222,132.4776152608489
Lake_Wilson,4307011900,150.0
Lake_Wilson,4307011902,150.0
Lake_Wilson,4307011904,150.0
Lake_Wilson,4307011906,112.70091813305086
Lake_Wilson,4307011908,150.0
Lake_Wilson,4307011910,150.0
Lake_Wilson,4307011912,150.0
Lake_Wilson,4307011914,150.0
Lake_Wilson,4307011916,150.0
Lake_Wilson,4307011918,83.75001660633697
Lake_Wilson,4307011920,133.54906526061856
Lake_Wilson,4307011922,150.0
Lake_Wilson,4307021200,150.0
Lake_Wilson,4307021202,139.74262934721395
Lake_Wilson,4307021204,150.0
Lake_Wilson,4307021206,56.44186907400916
Lake_Wilson,4307021208,150.0
Lake_Wilson,4307021210,150.0
Lake_Wilson,4307021212,150.0
Lake_Wilson,4307021214,150.0
Lake_Wilson,4307021216,150.0
Lake_Wilson,4307021218,0.0
Lake_Wilson,4307021220,90.0
Lake_Wilson,4307021222,96.78366151100647
Lake_Wilson,4307050200,150.0
Lake_Wilson,4307050202,150.0
Lake_Wilson,4307050204,76.0784973748381
Lake_Wilson,4307050206,130.8729389711666
Lake_Wilson,4307050208,150.0
Lake_Wilson,4307050210,150.0
Lake_Wilson,4307050212,150.0
Lake_Wilson,4307050214,150.0
Lake_Wilson,4307050216,150.0
Lake_Wilson,4307050218,150.0
Lake_Wilson,4307050220,0.0
Lake_Wilson,4307050222,133.2151408482701
Lake_Wilson,4307092200,140.2721911581678
Lake_Wilson,4307092202,150.0
Lake_Wilson,4307092204,150.0
Lake_Wilson,4307092206,118.39534775685672
Lake_Wilson,4307092208,150.0
Lake_Wilson,4307092210,150.0
Lake_Wilson,4307092212,150.0
Lake_Wilson,4307092214,150.0
Lake_Wilson,4307092216,150.0
Lake_Wilson,4307092218,0.0
Lake_Wilson,4307092220,26.095185112014406
Lake_Wilson,4307092222,129.09974071018055
Lake_Wilson,4307102700,150.0
Lake_Wilson,4307102702,150.0
Lake_Wilson,4307102704,28.354637326745973
Lake_Wilson,4307102706,106.76132517566236
Lake_Wilson,4307102708,150.0
Lake_Wilson,4307102710,150.0
Lake_Wilson,4307102712,150.0
Lake_Wilson,4307102714,150.0
Lake_Wilson,4307102716,150.0
Lake_Wilson,4307102718,0.0
Lake_Wilson,4307102720,82.58778921281879
Lake_Wilson,4307102722,150.0
Lake_Wilson,4307121500,150.0
Lake_Wilson,4307121502,150.0
Lake_Wilson,4307121504,105.58929486498698
Lake_Wilson,4307121506,66.32823808423552
Lake_Wilson,4307121508,150.0
Lake_Wilson,4307121510,150.0
Lake_Wilson,4307121512,150.0
Lake_Wilson,4307121514,150.0
Lake_Wilson,4307121516,150.0
Lake_Wilson,4307121518,74.71729607873954
Lake_Wilson,4307121520,117.86517097203796
Lake_Wilson,4307121522,150.0
Lake_Wilson,4308022000,109.79011566406834
Lake_Wilson,4308022002,140.54931570230335
Lake_Wilson,4308022004,104.1949268833132
Lake_Wilson,4308022006,0.0
Lake_Wilson,4308022008,150.0
Lake_Wilson,4308022010,150.0
Lake_Wilson,4308022012,150.0
Lake_Wilson,4308022014,150.0
Lake_Wilson,4308022016,150.0
Lake_Wilson,4308022018,0.0
Lake_Wilson,4308022020,0.0
Lake_Wilson,4308022022,85.26021352626901
Lake_Wilson,4308041000,150.0
Lake_Wilson,4308041002,150.0
Lake_Wilson,4308041004,145.99937752481205
Lake_Wilson,4308041006,53.73114634674522
Lake_Wilson,4308041008,150.0
Lake_Wilson,4308041010,150.0
Lake_Wilson,4308041012,150.0
Lake_Wilson,4308041014,150.0
Lake_Wilson,4308041016,150.0
Lake_Wilson,4308041018,130.26947612844498
Lake_Wilson,4308041020,150.0
Lake_Wilson,4308041022,150.0
Lake_Wilson,4308061700,149.49409478759551
Lake_Wilson,4308061702,0.0
Lake_Wilson,4308061704,0.0
Lake_Wilson,4308061706,0.0
Lake_Wilson,4308061708,150.0
Lake_Wilson,4308061710,150.0
Lake_Wilson,4308061712,150.0
Lake_Wilson,4308061714,150.0
Lake_Wilson,4308061716,150.0
Lake_Wilson,4308061718,150.0
Lake_Wilson,4308061720,0.0
Lake_Wilson,4308061722,150.0
Lake_Wilson,4308081800,123.34896490788799
Lake_Wilson,4308081802,134.65080835842724
Lake_Wilson,4308081804,39.25140338606303
Lake_Wilson,4308081806,44.2043714815901
Lake_Wilson,4308081808,150.0
Lake_Wilson,4308081810,150.0
Lake_Wilson,4308081812,150.0
Lake_Wilson,4308081814,150.0
Lake_Wilson,4308081816,150.0
Lake_Wilson,4308081818,150.0
Lake_Wilson,4308081820,0.0
Lake_Wilson,4308081822,150.0
Lake_Wilson,4308091000,99.303370540429
Lake_Wilson,4308091002,102.3237677561058
Lake_Wilson,4308091004,60.87286170346472
Lake_Wilson,4308091006,0.0
Lake_Wilson,4308091008,150.0
Lake_Wilson,4308091010,150.0
Lake_Wilson,4308091012,150.0
Lake_Wilson,4308091014,150.0
Lake_Wilson,4308091016,150.0
Lake_Wilson,4308091018,0.0
Lake_Wilson,4308091020,0.0
Lake_Wilson,4308091022,90.0
Lake_Wilson,4308112200,150.0
Lake_Wilson,4308112202,150.0
Lake_Wilson,4308112204,130.34248546098902
Lake_Wilson,4308112206,80.44664615441746
Lake_Wilson,4308112208,150.0
Lake_Wilson,4308112210,150.0
Lake_Wilson,4308112212,150.0
Lake_Wilson,4308112214,150.0
Lake_Wilson,4308112216,150.0
Lake_Wilson,4308112218,150.0
Lake_Wilson,4308112220,119.21086838459075
Lake_Wilson,4308112222,150.0
Lake_Wilson,4407011200,150.0
Lake_Wilson,4407011202,150.0
Lake_Wilson,4407011204,57.14112265918408
Lake_Wilson,4407011206,60.41095268049861
Lake_Wilson,4407011208,150.0
Lake_Wilson,4407011210,150.0
Lake_Wilson,4407011212,150.0
Lake_Wilson,4407011214,150.0
Lake_Wilson,4407011216,150.0
Lake_Wilson,4407011218,7.8562805697558815
Lake_Wilson,4407011220,28.651859578623444
Lake_Wilson,4407011222,142.38114767818877
Lake_Wilson,4407011900,150.0
Lake_Wilson,4407011902,150.0
Lake_Wilson,4407011904,137.59714184138895
Lake_Wilson,4407011906,102.77668470980379
Lake_Wilson,4407011908,150.0
Lake_Wilson,4407011910,150.0
Lake_Wilson,4407011912,150.0
Lake_Wilson,4407011914,150.0
Lake_Wilson,4407011916,150.0
Lake_Wilson,4407011918,150.0
Lake_Wilson,4407011920,89.62617344881238
Lake_Wilson,4407011922,150.0
Lake_Wilson,4407021200,150.0
Lake_Wilson,4407021202,150.0
Lake_Wilson,4407021204,150.0
Lake_Wilson,4407021206,50.66469808042615
Lake_Wilson,4407021208,150.0
Lake_Wilson,4407021210,150.0
Lake_Wilson,4407021212,150.0
Lake_Wilson,4407021214,150.0
Lake_Wilson,4407021216,150.0
Lake_Wilson,4407021218,0.0
Lake_Wilson,4407021220,112.87934156390986
Lake_Wilson,4407021222,150.0
Lake_Wilson,4407050200,150.0
Lake_Wilson,4407050202,150.0
Lake_Wilson,4407050204,71.76057069265875
Lake_Wilson,4407050206,150.0
Lake_Wilson,4407050208,150.0
Lake_Wilson,4407050210,150.0
Lake_Wilson,4407050212,150.0
Lake_Wilson,4407050214,150.0
Lake_Wilson,4407050216,150.0
Lake_Wilson,4407050218,150.0
Lake_Wilson,4407050220,0.0
Lake_Wilson,4407050222,131.1708430314655
Lake_Wilson,4407092200,150.0
Lake_Wilson,4407092202,150.0
Lake_Wilson,4407092204,150.0
Lake_Wilson,4407092206,131.66506972591696
Lake_Wilson,4407092208,150.0
Lake_Wilson,4407092210,150.0
Lake_Wilson,4407092212,150.0
Lake_Wilson,4407092214,150.0
Lake_Wilson,4407092216,150.0
Lake_Wilson,4407092218,0.0
Lake_Wilson,4407092220,18.42540874852571
Lake_Wilson,4407092222,109.73561877684665
Lake_Wilson,4407102700,150.0
Lake_Wilson,4407102702,150.0
Lake_Wilson,4407102704,6.466171798514381
Lake_Wilson,4407102706,87.40066118543405
Lake_Wilson,4407102708,150.0
Lake_Wilson,4407102710,150.0
Lake_Wilson,4407102712,150.0
Lake_Wilson,4407102714,150.0
Lake_Wilson,4407102716,150.0
Lake_Wilson,4407102718,0.0
Lake_Wilson,4407102720,89.61666812439262
Lake_Wilson,4407102722,150.0
Lake_Wilson,4407121500,150.0
Lake_Wilson,4407121502,150.0
Lake_Wilson,4407121504,104.01852471769232
Lake_Wilson,4407121506,66.56498498460641
Lake_Wilson,4407121508,150.0
Lake_Wilson,4407121510,150.0
Lake_Wilson,4407121512,150.0
Lake_Wilson,4407121514,150.0
Lake_Wilson,4407121516,150.0
Lake_Wilson,4407121518,0.0
Lake_Wilson,4407121520,44.978905484599764
Lake_Wilson,4407121522,150.0
Lake_Wilson,4408022000,122.26385067834616
Lake_Wilson,4408022002,150.0
Lake_Wilson,4408022004,45.73614932165384
Lake_Wilson,4408022006,0.0
Lake_Wilson,4408022008,150.0
Lake_Wilson,4408022010,150.0
Lake_Wilson,4408022012,150.0
Lake_Wilson,4408022014,150.0
Lake_Wilson,4408022016,150.0
Lake_Wilson,4408022018,0.0
Lake_Wilson,4408022020,0.0
Lake_Wilson,4408022022,150.0
Lake_Wilson,4408041000,135.22233779467166
Lake_Wilson,4408041002,150.0
Lake_Wilson,4408041004,150.0
Lake_Wilson,4408041006,60.47766220533842
Lake_Wilson,4408041008,150.0
Lake_Wilson,4408041010,150.0
Lake_Wilson,4408041012,150.0
Lake_Wilson,4408041014,150.0
Lake_Wilson,4408041016,150.0
Lake_Wilson,4408041018,134.3
Lake_Wilson,4408041020,150.0
Lake_Wilson,4408041022,150.0
Lake_Wilson,4408061700,150.0
Lake_Wilson,4408061702,0.0
Lake_Wilson,4408061704,0.0
Lake_Wilson,4408061706,0.0
Lake_Wilson,4408061708,150.0
Lake_Wilson,4408061710,150.0
Lake_Wilson,4408061712,150.0
Lake_Wilson,4408061714,150.0
Lake_Wilson,4408061716,150.0
Lake_Wilson,4408061718,150.0
Lake_Wilson,4408061720,0.0
Lake_Wilson,4408061722,141.1243185098446
Lake_Wilson,4408081800,150.0
Lake_Wilson,4408081802,150.0
Lake_Wilson,4408081804,29.09599028712148
Lake_Wilson,4408081806,38.6634447920905
Lake_Wilson,4408081808,150.0
Lake_Wilson,4408081810,150.0
Lake_Wilson,4408081812,150.0
Lake_Wilson,4408081814,150.0
Lake_Wilson,4408081816,150.0
Lake_Wilson,4408081818,150.0
Lake_Wilson,4408081820,0.0
Lake_Wilson,4408081822,150.0
Lake_Wilson,4408091000,91.19301114222702
Lake_Wilson,4408091002,100.21217598680823
Lake_Wilson,4408091004,60.80118132050603
Lake_Wilson,4408091006,0.0
Lake_Wilson,4408091008,150.0
Lake_Wilson,4408091010,150.0
Lake_Wilson,4408091012,150.0
Lake_Wilson,4408091014,150.0
Lake_Wilson,4408091016,150.0
Lake_Wilson,4408091018,0.0
Lake_Wilson,4408091020,16.87989563379267
Lake_Wilson,4408091022,83.41373591666644
Lake_Wilson,4408112200,150.0
Lake_Wilson,4408112202,150.0
Lake_Wilson,4408112204,138.73638347865403
Lake_Wilson,4408112206,89.13817745590342
Lake_Wilson,4408112208,150.0
Lake_Wilson,4408112210,150.0
Lake_Wilson,4408112212,150.0
Lake_Wilson,4408112214,150.0
Lake_Wilson,4408112216,150.0
Lake_Wilson,4408112218,120.62581026722451
Lake_Wilson,4408112220,131.49962879821481
Lake_Wilson,4408112222,150.0
Lake_Wilson,4507011200,150.0
Lake_Wilson,4507011202,150.0
Lake_Wilson,4507011204,61.208685170454146
Lake_Wilson,4507011206,57.31808584386022
Lake_Wilson,4507011208,150.0
Lake_Wilson,4507011210,150.0
Lake_Wilson,4507011212,150.0
Lake_Wilson,4507011214,150.0
Lake_Wilson,4507011216,150.0
Lake_Wilson,4507011218,37.54588650317646
Lake_Wilson,4507011220,64.9563997138082
Lake_Wilson,4507011222,150.0
Lake_Wilson,4507011900,150.0
Lake_Wilson,4507011902,150.0
Lake_Wilson,4507011904,138.42223755781208
Lake_Wilson,4507011906,101.32059462318026
Lake_Wilson,4507011908,150.0
Lake_Wilson,4507011910,150.0
Lake_Wilson,4507011912,150.0
Lake_Wilson,4507011914,150.0
Lake_Wilson,4507011916,150.0
Lake_Wilson,4507011918,90.25716781901201
Lake_Wilson,4507011920,150.0
Lake_Wilson,4507011922,150.0
Lake_Wilson,4507021200,150.0
Lake_Wilson,4507021202,143.95212158776667
Lake_Wilson,4507021204,150.0
Lake_Wilson,4507021206,0.0
Lake_Wilson,4507021208,150.0
Lake_Wilson,4507021210,150.0
Lake_Wilson,4507021212,150.0
Lake_Wilson,4507021214,150.0
Lake_Wilson,4507021216,150.0
Lake_Wilson,4507021218,0.0
Lake_Wilson,4507021220,110.80028143750934
Lake_Wilson,4507021222,150.0
Lake_Wilson,4507050200,150.0
Lake_Wilson,4507050202,146.96691850482193
Lake_Wilson,4507050204,63.47819803656455
Lake_Wilson,4507050206,150.0
Lake_Wilson,4507050208,150.0
Lake_Wilson,4507050210,150.0
Lake_Wilson,4507050212,150.0
Lake_Wilson,4507050214,150.0
Lake_Wilson,4507050216,150.0
Lake_Wilson,4507050218,150.0
Lake_Wilson,4507050220,0.0
Lake_Wilson,4507050222,133.54957747059353
Lake_Wilson,4507092200,150.0
Lake_Wilson,4507092202,150.0
Lake_Wilson,4507092204,150.0
Lake_Wilson,4507092206,132.63102652843406
Lake_Wilson,4507092208,150.0
Lake_Wilson,4507092210,150.0
Lake_Wilson,4507092212,150.0
Lake_Wilson,4507092214,150.0
Lake_Wilson,4507092216,150.0
Lake_Wilson,4507092218,0.0
Lake_Wilson,4507092220,12.471920875663045
Lake_Wilson,4507092222,95.02927051496272
Lake_Wilson,4507102700,150.0
Lake_Wilson,4507102702,150.0
Lake_Wilson,4507102704,4.514070485329171
Lake_Wilson,4507102706,85.49859758936765
Lake_Wilson,4507102708,150.0
Lake_Wilson,4507102710,150.0
Lake_Wilson,4507102712,150.0
Lake_Wilson,4507102714,150.0
Lake_Wilson,4507102716,150.0
Lake_Wilson,4507102718,0.0
Lake_Wilson,4507102720,98.28503134119183
Lake_Wilson,4507102722,150.0
Lake_Wilson,4507121500,150.0
Lake_Wilson,4507121502,150.0
Lake_Wilson,4507121504,102.51542585160186
Lake_Wilson,4507121506,64.44485502166603
Lake_Wilson,4507121508,150.0
Lake_Wilson,4507121510,150.0
Lake_Wilson,4507121512,150.0
Lake_Wilson,4507121514,150.0
Lake_Wilson,4507121516,150.0
Lake_Wilson,4507121518,0.0
Lake_Wilson,4507121520,48.3748806925953
Lake_Wilson,4507121522,150.0
Lake_Wilson,4508022000,124.57331924376524
Lake_Wilson,4508022002,127.22531236873641
Lake_Wilson,4508022004,11.925567053452937
Lake_Wilson,4508022006,0.0
Lake_Wilson,4508022008,150.0
Lake_Wilson,4508022010,150.0
Lake_Wilson,4508022012,150.0
Lake_Wilson,4508022014,150.0
Lake_Wilson,4508022016,150.0
Lake_Wilson,4508022018,0.0
Lake_Wilson,4508022020,54.27580133404547
Lake_Wilson,4508022022,150.0
Lake_Wilson,4508041000,112.38881671528955
Lake_Wilson,4508041002,150.0
Lake_Wilson,4508041004,150.0
Lake_Wilson,4508041006,150.0
Lake_Wilson,4508041008,150.0
Lake_Wilson,4508041010,150.0
Lake_Wilson,4508041012,150.0
Lake_Wilson,4508041014,150.0
Lake_Wilson,4508041016,150.0
Lake_Wilson,4508041018,67.61118328471088
Lake_Wilson,4508041020,150.0
Lake_Wilson,4508041022,150.0
Lake_Wilson,4508061700,150.0
Lake_Wilson,4508061702,57.321949288040514
Lake_Wilson,4508061704,0.0
Lake_Wilson,4508061706,40.36117738248004
Lake_Wilson,4508061708,150.0
Lake_Wilson,4508061710,150.0
Lake_Wilson,4508061712,150.0
Lake_Wilson,4508061714,150.0
Lake_Wilson,4508061716,150.0
Lake_Wilson,4508061718,150.0
Lake_Wilson,4508061720,0.0
Lake_Wilson,4508061722,150.0
Lake_Wilson,4508081800,150.0
Lake_Wilson,4508081802,150.0
Lake_Wilson,4508081804,2.442252418991984
Lake_Wilson,4508081806,12.606110695954271
Lake_Wilson,4508081808,150.0
Lake_Wilson,4508081810,150.0
Lake_Wilson,4508081812,150.0
Lake_Wilson,4508081814,150.0
Lake_Wilson,4508081816,150.0
Lake_Wilson,4508081818,150.0
Lake_Wilson,4508081820,0.0
Lake_Wilson,4508081822,150.0
Lake_Wilson,4508091000,110.269594527778
Lake_Wilson,4508091002,107.71649271365743
Lake_Wilson,4508091004,65.02577147988131
Lake_Wilson,4508091006,0.0
Lake_Wilson,4508091008,150.0
Lake_Wilson,4508091010,150.0
Lake_Wilson,4508091012,150.0
Lake_Wilson,4508091014,150.0
Lake_Wilson,4508091016,150.0
Lake_Wilson,4508091018,0.0
Lake_Wilson,4508091020,0.0
Lake_Wilson,4508091022,73.02814127868328
Lake_Wilson,4508112200,150.0
Lake_Wilson,4508112202,150.0
Lake_Wilson,4508112204,150.0
Lake_Wilson,4508112206,98.38149302546122
Lake_Wilson,4508112208,150.0
Lake_Wilson,4508112210,150.0
Lake_Wilson,4508112212,150.0
Lake_Wilson,4508112214,150.0
Lake_Wilson,4508112216,150.0
Lake_Wilson,4508112218,108.98203903424158
Lake_Wilson,4508112220,122.63646794030521
Lake_Wilson,4508112222,150.0
Lake_Wilson,4607011200,150.0
Lake_Wilson,4607011202,150.0
Lake_Wilson,4607011204,80.39591742460672
Lake_Wilson,4607011206,64.8627564991377
Lake_Wilson,4607011208,150.0
Lake_Wilson,4607011210,150.0
Lake_Wilson,4607011212,150.0
Lake_Wilson,4607011214,150.0
Lake_Wilson,4607011216,150.0
Lake_Wilson,4607011218,31.332970238866963
Lake_Wilson,4607011220,73.0
Lake_Wilson,4607011222,150.0
Lake_Wilson,4607011900,150.0
Lake_Wilson,4607011902,150.0
Lake_Wilson,4607011904,34.131765339284314
Lake_Wilson,4607011906,0.0
Lake_Wilson,4607011908,150.0
Lake_Wilson,4607011910,150.0
Lake_Wilson,4607011912,150.0
Lake_Wilson,4607011914,150.0
Lake_Wilson,4607011916,150.0
Lake_Wilson,4607011918,37.840465589964765
Lake_Wilson,4607011920,61.18771843105867
Lake_Wilson,4607011922,150.0
Lake_Wilson,4607021200,150.0
Lake_Wilson,4607021202,139.88919729143797
Lake_Wilson,4607021204,147.76320534596783
Lake_Wilson,4607021206,16.158544178312525
Lake_Wilson,4607021208,150.0
Lake_Wilson,4607021210,150.0
Lake_Wilson,4607021212,150.0
Lake_Wilson,4607021214,150.0
Lake_Wilson,4607021216,150.0
Lake_Wilson,4607021218,0.0
Lake_Wilson,4607021220,98.82231233815617
Lake_Wilson,4607021222,150.0
Lake_Wilson,4607050200,150.0
Lake_Wilson,4607050202,127.59241571050345
Lake_Wilson,4607050204,30.305602261865232
Lake_Wilson,4607050206,150.0
Lake_Wilson,4607050208,150.0
Lake_Wilson,4607050210,150.0
Lake_Wilson,4607050212,150.0
Lake_Wilson,4607050214,150.0
Lake_Wilson,4607050216,150.0
Lake_Wilson,4607050218,150.0
Lake_Wilson,4607050220,0.0
Lake_Wilson,4607050222,116.67365218342546
Lake_Wilson,4607092200,150.0
Lake_Wilson,4607092202,150.0
Lake_Wilson,4607092204,150.0
Lake_Wilson,4607092206,138.9145815570094
Lake_Wilson,4607092208,150.0
Lake_Wilson,4607092210,150.0
Lake_Wilson,4607092212,150.0
Lake_Wilson,4607092214,150.0
Lake_Wilson,4607092216,150.0
Lake_Wilson,4607092218,10.293817358524961
Lake_Wilson,4607092220,0.0
Lake_Wilson,4607092222,35.187749204974295
Lake_Wilson,4607102700,144.34123333574098
Lake_Wilson,4607102702,150.0
Lake_Wilson,4607102704,0.0
Lake_Wilson,4607102706,86.52855778331133
Lake_Wilson,4607102708,150.0
Lake_Wilson,4607102710,150.0
Lake_Wilson,4607102712,150.0
Lake_Wilson,4607102714,150.0
Lake_Wilson,4607102716,150.0
Lake_Wilson,4607102718,0.0
Lake_Wilson,4607102720,119.48486884100075
Lake_Wilson,4607102722,150.0
Lake_Wilson,4607121500,150.0
Lake_Wilson,4607121502,150.0
Lake_Wilson,4607121504,111.25780644243417
Lake_Wilson,4607121506,76.62939088657303
Lake_Wilson,4607121508,150.0
Lake_Wilson,4607121510,150.0
Lake_Wilson,4607121512,150.0
Lake_Wilson,4607121514,150.0
Lake_Wilson,4607121516,150.0
Lake_Wilson,4607121518,0.0
Lake_Wilson,4607121520,53.91913267860721
Lake_Wilson,4607121522,150.0
Lake_Wilson,4608022000,71.54505333457087
Lake_Wilson,4608022002,57.289737209027294
Lake_Wilson,4608022004,91.19992998392365
Lake_Wilson,4608022006,0.0
Lake_Wilson,4608022008,150.0
Lake_Wilson,4608022010,150.0
Lake_Wilson,4608022012,150.0
Lake_Wilson,4608022014,150.0
Lake_Wilson,4608022016,150.0
Lake_Wilson,4608022018,0.0
Lake_Wilson,4608022020,97.9652794724779
Lake_Wilson,4608022022,150.0
Lake_Wilson,4608041000,94.59674357587272
Lake_Wilson,4608041002,150.0
Lake_Wilson,4608041004,150.0
Lake_Wilson,4608041006,85.40325642413842
Lake_Wilson,4608041008,150.0
Lake_Wilson,4608041010,150.0
Lake_Wilson,4608041012,150.0
Lake_Wilson,4608041014,150.0
Lake_Wilson,4608041016,150.0
Lake_Wilson,4608041018,150.0
Lake_Wilson,4608041020,150.0
Lake_Wilson,4608041022,150.0
Lake_Wilson,4608061700,150.0
Lake_Wilson,4608061702,0.0
Lake_Wilson,4608061704,2.0482011375357843
Lake_Wilson,4608061706,60.12986542901683
Lake_Wilson,4608061708,150.0
Lake_Wilson,4608061710,150.0
Lake_Wilson,4608061712,150.0
Lake_Wilson,4608061714,150.0
Lake_Wilson,4608061716,150.0
Lake_Wilson,4608061718,150.0
Lake_Wilson,4608061720,0.0
Lake_Wilson,4608061722,150.0
Lake_Wilson,4608081800,150.0
Lake_Wilson,4608081802,150.0
Lake_Wilson,4608081804,4.0042122580123305
Lake_Wilson,4608081806,0.0
Lake_Wilson,4608081808,150.0
Lake_Wilson,4608081810,150.0
Lake_Wilson,4608081812,150.0
Lake_Wilson,4608081814,150.0
Lake_Wilson,4608081816,150.0
Lake_Wilson,4608081818,150.0
Lake_Wilson,4608081820,0.0
Lake_Wilson,4608081822,128.01130861169185
Lake_Wilson,4608091000,150.0
Lake_Wilson,4608091002,146.1248193227019
Lake_Wilson,4608091004,91.28388261826626
Lake_Wilson,4608091006,15.52971068743841
Lake_Wilson,4608091008,150.0
Lake_Wilson,4608091010,150.0
Lake_Wilson,4608091012,150.0
Lake_Wilson,4608091014,150.0
Lake_Wilson,4608091016,150.0
Lake_Wilson,4608091018,38.671159193864014
Lake_Wilson,4608091020,0.0
Lake_Wilson,4608091022,104.00555394645386
Lake_Wilson,4608112200,150.0
Lake_Wilson,4608112202,150.0
Lake_Wilson,4608112204,145.72163986675238
Lake_Wilson,4608112206,93.13401686571513
Lake_Wilson,4608112208,150.0
Lake_Wilson,4608112210,150.0
Lake_Wilson,4608112212,150.0
Lake_Wilson,4608112214,150.0
Lake_Wilson,4608112216,150.0
Lake_Wilson,4608112218,130.20698905265118
Lake_Wilson,4608112220,147.0730497345667
Lake_Wilson,4608112222,113.86430448032104
Lake_Wilson,4707011200,150.0
Lake_Wilson,4707011202,150.0
Lake_Wilson,4707011204,89.80993907905969
Lake_Wilson,4707011206,62.63145453001107
Lake_Wilson,4707011208,150.0
Lake_Wilson,4707011210,150.0
Lake_Wilson,4707011212,150.0
Lake_Wilson,4707011214,150.0
Lake_Wilson,4707011216,150.0
Lake_Wilson,4707011218,0.0
Lake_Wilson,4707011220,55.9308957933728
Lake_Wilson,4707011222,132.36933441076536
Lake_Wilson,4707011900,150.0
Lake_Wilson,4707011902,150.0
Lake_Wilson,4707011904,150.0
Lake_Wilson,4707011906,118.83535023135845
Lake_Wilson,4707011908,150.0
Lake_Wilson,4707011910,150.0
Lake_Wilson,4707011912,150.0
Lake_Wilson,4707011914,150.0
Lake_Wilson,4707011916,150.0
Lake_Wilson,4707011918,55.08438531853709
Lake_Wilson,4707011920,139.72340830147527
Lake_Wilson,4707011922,150.0
Lake_Wilson,4707021200,150.0
Lake_Wilson,4707021202,143.29731113438277
Lake_Wilson,4707021204,150.0
Lake_Wilson,4707021206,0.0
Lake_Wilson,4707021208,150.0
Lake_Wilson,4707021210,150.0
Lake_Wilson,4707021212,150.0
Lake_Wilson,4707021214,150.0
Lake_Wilson,4707021216,150.0
Lake_Wilson,4707021218,0.0
Lake_Wilson,4707021220,86.8516927205414
Lake_Wilson,4707021222,100.90127391124514
Lake_Wilson,4707050200,150.0
Lake_Wilson,4707050202,150.0
Lake_Wilson,4707050204,143.48027893913627
Lake_Wilson,4707050206,150.0
Lake_Wilson,4707050208,150.0
Lake_Wilson,4707050210,150.0
Lake_Wilson,4707050212,150.0
Lake_Wilson,4707050214,150.0
Lake_Wilson,4707050216,150.0
Lake_Wilson,4707050218,150.0
Lake_Wilson,4707050220,31.056802242881375
Lake_Wilson,4707050222,140.71288707802634
Lake_Wilson,4707092200,116.62241596019925
Lake_Wilson,4707092202,150.0
Lake_Wilson,4707092204,150.0
Lake_Wilson,4707092206,150.0
Lake_Wilson,4707092208,150.0
Lake_Wilson,4707092210,150.0
Lake_Wilson,4707092212,150.0
Lake_Wilson,4707092214,150.0
Lake_Wilson,4707092216,150.0
Lake_Wilson,4707092218,45.16338142516267
Lake_Wilson,4707092220,12.111175314188188
Lake_Wilson,4707092222,0.0
Lake_Wilson,4707102700,150.0
Lake_Wilson,4707102702,150.0
Lake_Wilson,4707102704,37.675289291852366
Lake_Wilson,4707102706,129.74511572973188
Lake_Wilson,4707102708,150.0
Lake_Wilson,4707102710,150.0
Lake_Wilson,4707102712,150.0
Lake_Wilson,4707102714,150.0
Lake_Wilson,4707102716,150.0
Lake_Wilson,4707102718,0.0
Lake_Wilson,4707102720,140.6920558225481
Lake_Wilson,4707102722,150.0
Lake_Wilson,4707121500,150.0
Lake_Wilson,4707121502,150.0
Lake_Wilson,4707121504,150.0
Lake_Wilson,4707121506,150.0
Lake_Wilson,4707121508,150.0
Lake_Wilson,4707121510,150.0
Lake_Wilson,4707121512,150.0
Lake_Wilson,4707121514,150.0
Lake_Wilson,4707121516,150.0
Lake_Wilson,4707121518,58.323339201431764
Lake_Wilson,4707121520,121.67666079856824
Lake_Wilson,4707121522,150.0
Lake_Wilson,4708022000,0.0
Lake_Wilson,4708022002,104.09932155220685
Lake_Wilson,4708022004,99.53939101151246
Lake_Wilson,4708022006,0.0
Lake_Wilson,4708022008,150.0
Lake_Wilson,4708022010,150.0
Lake_Wilson,4708022012,150.0
Lake_Wilson,4708022014,150.0
Lake_Wilson,4708022016,150.0
Lake_Wilson,4708022018,0.0
Lake_Wilson,4708022020,114.36128743628069
Lake_Wilson,4708022022,150.0
Lake_Wilson,4708041000,150.0
Lake_Wilson,4708041002,150.0
Lake_Wilson,4708041004,150.0
Lake_Wilson,4708041006,32.104967967321244
Lake_Wilson,4708041008,150.0
Lake_Wilson,4708041010,150.0
Lake_Wilson,4708041012,150.0
Lake_Wilson,4708041014,150.0
Lake_Wilson,4708041016,150.0
Lake_Wilson,4708041018,147.89503203268725
Lake_Wilson,4708041020,150.0
Lake_Wilson,4708041022,150.0
Lake_Wilson,4708061700,150.0
Lake_Wilson,4708061702,49.83578575017316
Lake_Wilson,4708061704,9.89054317955447
Lake_Wilson,4708061706,36.29814881151128
Lake_Wilson,4708061708,150.0
Lake_Wilson,4708061710,150.0
Lake_Wilson,4708061712,150.0
Lake_Wilson,4708061714,150.0
Lake_Wilson,4708061716,150.0
Lake_Wilson,4708061718,73.0
Lake_Wilson,4708061720,0.0
Lake_Wilson,4708061722,150.0
Lake_Wilson,4708081800,150.0
Lake_Wilson,4708081802,150.0
Lake_Wilson,4708081804,18.216866363316853
Lake_Wilson,4708081806,0.0
Lake_Wilson,4708081808,150.0
Lake_Wilson,4708081810,150.0
Lake_Wilson,4708081812,150.0
Lake_Wilson,4708081814,150.0
Lake_Wilson,4708081816,150.0
Lake_Wilson,4708081818,150.0
Lake_Wilson,4708081820,0.0
Lake_Wilson,4708081822,102.16835459962758
Lake_Wilson,4708091000,150.0
Lake_Wilson,4708091002,150.0
Lake_Wilson,4708091004,86.3525717596537
Lake_Wilson,4708091006,0.0
Lake_Wilson,4708091008,150.0
Lake_Wilson,4708091010,150.0
Lake_Wilson,4708091012,150.0
Lake_Wilson,4708091014,150.0
Lake_Wilson,4708091016,150.0
Lake_Wilson,4708091018,110.90600669295469
Lake_Wilson,4708091020,23.678907540005866
Lake_Wilson,4708091022,110.42011985315361
Lake_Wilson,4708112200,150.0
Lake_Wilson,4708112202,150.0
Lake_Wilson,4708112204,150.0
Lake_Wilson,4708112206,108.97714257409433
Lake_Wilson,4708112208,150.0
Lake_Wilson,4708112210,150.0
Lake_Wilson,4708112212,150.0
Lake_Wilson,4708112214,150.0
Lake_Wilson,4708112216,150.0
Lake_Wilson,4708112218,129.91495806049411
Lake_Wilson,4708112220,150.0
Lake_Wilson,4708112222,91.10789936542045
Lake_Wilson,4807011200,150.0
Lake_Wilson,4807011202,150.0
Lake_Wilson,4807011204,150.0
Lake_Wilson,4807011206,150.0
Lake_Wilson,4807011208,150.0
Lake_Wilson,4807011210,150.0
Lake_Wilson,4807011212,150.0
Lake_Wilson,4807011214,150.0
Lake_Wilson,4807011216,150.0
Lake_Wilson,4807011218,0.0
Lake_Wilson,4807011220,70.11077143254519
Lake_Wilson,4807011222,126.60574882962801
Lake_Wilson,4807011900,150.0
Lake_Wilson,4807011902,150.0
Lake_Wilson,4807011904,142.65897073617552
Lake_Wilson,4807011906,114.49300115032874
Lake_Wilson,4807011908,150.0
Lake_Wilson,4807011910,150.0
Lake_Wilson,4807011912,150.0
Lake_Wilson,4807011914,150.0
Lake_Wilson,4807011916,150.0
Lake_Wilson,4807011918,0.0
Lake_Wilson,4807011920,97.00680273171514
Lake_Wilson,4807011922,150.0
Lake_Wilson,4807021200,150.0
Lake_Wilson,4807021202,150.0
Lake_Wilson,4807021204,150.0
Lake_Wilson,4807021206,59.59360996710096
Lake_Wilson,4807021208,150.0
Lake_Wilson,4807021210,150.0
Lake_Wilson,4807021212,150.0
Lake_Wilson,4807021214,150.0
Lake_Wilson,4807021216,150.0
Lake_Wilson,4807021218,0.0
Lake_Wilson,4807021220,74.79708270985958
Lake_Wilson,4807021222,47.83758046269179
Lake_Wilson,4807050200,150.0
Lake_Wilson,4807050202,150.0
Lake_Wilson,4807050204,150.0
Lake_Wilson,4807050206,150.0
Lake_Wilson,4807050208,150.0
Lake_Wilson,4807050210,150.0
Lake_Wilson,4807050212,140.53404687232978
Lake_Wilson,4807050214,139.6387425584537
Lake_Wilson,4807050216,149.85891038188686
Lake_Wilson,4807050218,102.68261608471971
Lake_Wilson,4807050220,119.99017597138163
Lake_Wilson,4807050222,127.2955081312283
Lake_Wilson,4807092200,150.0
Lake_Wilson,4807092202,150.0
Lake_Wilson,4807092204,150.0
Lake_Wilson,4807092206,150.0
Lake_Wilson,4807092208,150.0
Lake_Wilson,4807092210,150.0
Lake_Wilson,4807092212,150.0
Lake_Wilson,4807092214,150.0
Lake_Wilson,4807092216,150.0
Lake_Wilson,4807092218,150.0
Lake_Wilson,4807092220,96.24836682360643
Lake_Wilson,4807092222,36.03057767206596
Lake_Wilson,4807102700,150.0
Lake_Wilson,4807102702,150.0
Lake_Wilson,4807102704,95.71466917437783
Lake_Wilson,4807102706,134.4044734441057
Lake_Wilson,4807102708,150.0
Lake_Wilson,4807102710,150.0
Lake_Wilson,4807102712,150.0
Lake_Wilson,4807102714,150.0
Lake_Wilson,4807102716,150.0
Lake_Wilson,4807102718,99.88085738151648
Lake_Wilson,4807102720,150.0
Lake_Wilson,4807102722,150.0
Lake_Wilson,4807121500,150.0
Lake_Wilson,4807121502,150.0
Lake_Wilson,4807121504,150.0
Lake_Wilson,4807121506,150.0
Lake_Wilson,4807121508,150.0
Lake_Wilson,4807121510,126.75361412826666
Lake_Wilson,4807121512,150.0
Lake_Wilson,4807121514,150.0
Lake_Wilson,4807121516,150.0
Lake_Wilson,4807121518,82.47160943197309
Lake_Wilson,4807121520,120.77477643976025
Lake_Wilson,4807121522,150.0
Lake_Wilson,4808022000,0.0
Lake_Wilson,4808022002,93.26854476012392
Lake_Wilson,4808022004,107.07919265329542
Lake_Wilson,4808022006,0.0
Lake_Wilson,4808022008,150.0
Lake_Wilson,4808022010,150.0
Lake_Wilson,4808022012,150.0
Lake_Wilson,4808022014,150.0
Lake_Wilson,4808022016,150.0
Lake_Wilson,4808022018,0.0
Lake_Wilson,4808022020,92.50835091941775
Lake_Wilson,4808022022,150.0
Lake_Wilson,4808041000,150.0
Lake_Wilson,4808041002,150.0
Lake_Wilson,4808041004,150.0
Lake_Wilson,4808041006,150.0
Lake_Wilson,4808041008,150.0
Lake_Wilson,4808041010,150.0
Lake_Wilson,4808041012,150.0
Lake_Wilson,4808041014,150.0
Lake_Wilson,4808041016,150.0
Lake_Wilson,4808041018,30.00000000000864
Lake_Wilson,4808041020,150.0
Lake_Wilson,4808041022,150.0
Lake_Wilson,4808061700,150.0
Lake_Wilson,4808061702,21.618098035108176
Lake_Wilson,4808061704,71.28043296696916
Lake_Wilson,4808061706,91.44706334001842
Lake_Wilson,4808061708,150.0
Lake_Wilson,4808061710,150.0
Lake_Wilson,4808061712,150.0
Lake_Wilson,4808061714,150.0
Lake_Wilson,4808061716,150.0
Lake_Wilson,4808061718,150.0
Lake_Wilson,4808061720,0.0
Lake_Wilson,4808061722,110.33696929977611
Lake_Wilson,4808081800,150.0
Lake_Wilson,4808081802,150.0
Lake_Wilson,4808081804,31.827901301987993
Lake_Wilson,4808081806,0.0
Lake_Wilson,4808081808,150.0
Lake_Wilson,4808081810,150.0
Lake_Wilson,4808081812,150.0
Lake_Wilson,4808081814,150.0
Lake_Wilson,4808081816,150.0
Lake_Wilson,4808081818,150.0
Lake_Wilson,4808081820,15.579658850088009
Lake_Wilson,4808081822,91.09737011946176
Lake_Wilson,4808091000,150.0
Lake_Wilson,4808091002,150.0
Lake_Wilson,4808091004,97.07229596381114
Lake_Wilson,4808091006,0.0
Lake_Wilson,4808091008,150.0
Lake_Wilson,4808091010,150.0
Lake_Wilson,4808091012,150.0
Lake_Wilson,4808091014,150.0
Lake_Wilson,4808091016,150.0
Lake_Wilson,4808091018,136.09984216935703
Lake_Wilson,4808091020,0.0
Lake_Wilson,4808091022,68.66918136165236
Lake_Wilson,4808112200,150.0
Lake_Wilson,4808112202,134.19092156843254
Lake_Wilson,4808112204,140.78271273663995
Lake_Wilson,4808112206,86.28289824534812
Lake_Wilson,4808112208,150.0
Lake_Wilson,4808112210,150.0
Lake_Wilson,4808112212,150.0
Lake_Wilson,4808112214,150.0
Lake_Wilson,4808112216,150.0
Lake_Wilson,4808112218,150.0
Lake_Wilson,4808112220,150.0
Lake_Wilson,4808112222,118.74346744958575
Lake_Wilson,4907011200,150.0
Lake_Wilson,4907011202,150.0
Lake_Wilson,4907011204,150.0
Lake_Wilson,4907011206,144.75780952130117
Lake_Wilson,4907011208,150.0
Lake_Wilson,4907011210,150.0
Lake_Wilson,4907011212,150.0
Lake_Wilson,4907011214,150.0
Lake_Wilson,4907011216,150.0
Lake_Wilson,4907011218,61.93279460229746
Lake_Wilson,4907011220,150.0
Lake_Wilson,4907011222,123.30939587640135
Lake_Wilson,4907011900,150.0
Lake_Wilson,4907011902,150.0
Lake_Wilson,4907011904,150.0
Lake_Wilson,4907011906,150.0
Lake_Wilson,4907011908,150.0
Lake_Wilson,4907011910,150.0
Lake_Wilson,4907011912,150.0
Lake_Wilson,4907011914,150.0
Lake_Wilson,4907011916,150.0
Lake_Wilson,4907011918,0.0
Lake_Wilson,4907011920,109.25049228354965
Lake_Wilson,4907011922,150.0
Lake_Wilson,4907021200,150.0
Lake_Wilson,4907021202,150.0
Lake_Wilson,4907021204,150.0
Lake_Wilson,4907021206,150.0
Lake_Wilson,4907021208,150.0
Lake_Wilson,4907021210,150.0
Lake_Wilson,4907021212,150.0
Lake_Wilson,4907021214,150.0
Lake_Wilson,4907021216,150.0
Lake_Wilson,4907021218,6.543510213546938
Lake_Wilson,4907021220,69.16189271578187
Lake_Wilson,4907021222,0.0
Lake_Wilson,4907050200,150.0
Lake_Wilson,4907050202,150.0
Lake_Wilson,4907050204,150.0
Lake_Wilson,4907050206,150.0
Lake_Wilson,4907050208,150.0
Lake_Wilson,4907050210,147.13167344538684
Lake_Wilson,4907050212,137.63557687033395
Lake_Wilson,4907050214,136.74027255645788
Lake_Wilson,4907050216,146.9604403798909
Lake_Wilson,4907050218,90.95435820860249
Lake_Wilson,4907050220,120.57767853932793
Lake_Wilson,4907050222,150.0
Lake_Wilson,4907092200,147.56922139417895
Lake_Wilson,4907092202,150.0
Lake_Wilson,4907092204,150.0
Lake_Wilson,4907092206,150.0
Lake_Wilson,4907092208,150.0
Lake_Wilson,4907092210,150.0
Lake_Wilson,4907092212,150.0
Lake_Wilson,4907092214,150.0
Lake_Wilson,4907092216,150.0
Lake_Wilson,4907092218,150.0
Lake_Wilson,4907092220,150.0
Lake_Wilson,4907092222,32.43077860582103
Lake_Wilson,4907102700,150.0
Lake_Wilson,4907102702,150.0
Lake_Wilson,4907102704,150.0
Lake_Wilson,4907102706,150.0
Lake_Wilson,4907102708,150.0
Lake_Wilson,4907102710,122.52526362064509
Lake_Wilson,4907102712,150.0
Lake_Wilson,4907102714,150.0
Lake_Wilson,4907102716,150.0
Lake_Wilson,4907102718,77.14728202344327
Lake_Wilson,4907102720,130.32745435591164
Lake_Wilson,4907102722,150.0
Lake_Wilson,4907121500,150.0
Lake_Wilson,4907121502,150.0
Lake_Wilson,4907121504,150.0
Lake_Wilson,4907121506,150.0
Lake_Wilson,4907121508,150.0
Lake_Wilson,4907121510,131.6593450682044
Lake_Wilson,4907121512,137.40788369555457
Lake_Wilson,4907121514,150.0
Lake_Wilson,4907121516,150.0
Lake_Wilson,4907121518,79.84254317861121
Lake_Wilson,4907121520,131.0902280576297
Lake_Wilson,4907121522,150.0
Lake_Wilson,4908022000,0.0
Lake_Wilson,4908022002,47.59661326006204
Lake_Wilson,4908022004,150.0
Lake_Wilson,4908022006,38.94503719082752
Lake_Wilson,4908022008,150.0
Lake_Wilson,4908022010,150.0
Lake_Wilson,4908022012,150.0
Lake_Wilson,4908022014,150.0
Lake_Wilson,4908022016,150.0
Lake_Wilson,4908022018,2.2295265450698025
Lake_Wilson,4908022020,149.09075892588032
Lake_Wilson,4908022022,150.0
Lake_Wilson,4908041000,74.83202252277113
Lake_Wilson,4908041002,150.0
Lake_Wilson,4908041004,150.0
Lake_Wilson,4908041006,55.607947717377414
Lake_Wilson,4908041008,150.0
Lake_Wilson,4908041010,150.0
Lake_Wilson,4908041012,150.0
Lake_Wilson,4908041014,150.0
Lake_Wilson,4908041016,150.0
Lake_Wilson,4908041018,9.150927243096703
Lake_Wilson,4908041020,150.0
Lake_Wilson,4908041022,150.0
Lake_Wilson,4908061700,150.0
Lake_Wilson,4908061702,77.19885823120734
Lake_Wilson,4908061704,137.41794363230386
Lake_Wilson,4908061706,149.8831981364888
Lake_Wilson,4908061708,150.0
Lake_Wilson,4908061710,150.0
Lake_Wilson,4908061712,150.0
Lake_Wilson,4908061714,150.0
Lake_Wilson,4908061716,150.0
Lake_Wilson,4908061718,150.0
Lake_Wilson,4908061720,0.0
Lake_Wilson,4908061722,150.0
Lake_Wilson,4908081800,150.0
Lake_Wilson,4908081802,150.0
Lake_Wilson,4908081804,46.444261616010834
Lake_Wilson,4908081806,0.0
Lake_Wilson,4908081808,150.0
Lake_Wilson,4908081810,150.0
Lake_Wilson,4908081812,150.0
Lake_Wilson,4908081814,150.0
Lake_Wilson,4908081816,150.0
Lake_Wilson,4908081818,150.0
Lake_Wilson,4908081820,150.0
Lake_Wilson,4908081822,150.0
Lake_Wilson,4908091000,150.0
Lake_Wilson,4908091002,150.0
Lake_Wilson,4908091004,107.63516005313312
Lake_Wilson,4908091006,0.0
Lake_Wilson,4908091008,150.0
Lake_Wilson,4908091010,150.0
Lake_Wilson,4908091012,150.0
Lake_Wilson,4908091014,150.0
Lake_Wilson,4908091016,150.0
Lake_Wilson,4908091018,150.0
Lake_Wilson,4908091020,0.0
Lake_Wilson,4908091022,49.40384337941421
Lake_Wilson,4908112200,150.0
Lake_Wilson,4908112202,137.97174551837685
Lake_Wilson,4908112204,150.0
Lake_Wilson,4908112206,94.6065066762505
Lake_Wilson,4908112208,150.0
Lake_Wilson,4908112210,150.0
Lake_Wilson,4908112212,149.9999999999987
Lake_Wilson,4908112214,150.0
Lake_Wilson,4908112216,150.0
Lake_Wilson,4908112218,123.76906652839074
Lake_Wilson,4908112220,150.0
Lake_Wilson,4908112222,123.65268127698278
Lake_Wilson,5007011200,150.0
Lake_Wilson,5007011202,150.0
Lake_Wilson,5007011204,150.0
Lake_Wilson,5007011206,94.34908194938566
Lake_Wilson,5007011208,150.0
Lake_Wilson,5007011210,150.0
Lake_Wilson,5007011212,150.0
Lake_Wilson,5007011214,150.0
Lake_Wilson,5007011216,150.0
Lake_Wilson,5007011218,85.65091805061434
Lake_Wilson,5007011220,150.0
Lake_Wilson,5007011222,150.0
Lake_Wilson,5007011900,150.0
Lake_Wilson,5007011902,150.0
Lake_Wilson,5007011904,150.0
Lake_Wilson,5007011906,150.0
Lake_Wilson,5007011908,150.0
Lake_Wilson,5007011910,150.0
Lake_Wilson,5007011912,150.0
Lake_Wilson,5007011914,150.0
Lake_Wilson,5007011916,150.0
Lake_Wilson,5007011918,0.0
Lake_Wilson,5007011920,121.35686257131101
Lake_Wilson,5007011922,150.0
Lake_Wilson,5007021200,150.0
Lake_Wilson,5007021202,150.0
Lake_Wilson,5007021204,150.0
Lake_Wilson,5007021206,150.0
Lake_Wilson,5007021208,150.0
Lake_Wilson,5007021210,150.0
Lake_Wilson,5007021212,150.0
Lake_Wilson,5007021214,150.0
Lake_Wilson,5007021216,150.0
Lake_Wilson,5007021218,62.382443831893255
Lake_Wilson,5007021220,112.68480686243052
Lake_Wilson,5007021222,0.0
Lake_Wilson,5007050200,150.0
Lake_Wilson,5007050202,150.0
Lake_Wilson,5007050204,150.0
Lake_Wilson,5007050206,150.0
Lake_Wilson,5007050208,150.0
Lake_Wilson,5007050210,147.9508709873154
Lake_Wilson,5007050212,138.4547744122625
Lake_Wilson,5007050214,137.55947009838644
Lake_Wilson,5007050216,147.77963792181947
Lake_Wilson,5007050218,89.31596312474392
Lake_Wilson,5007050220,118.93928345547204
Lake_Wilson,5007050222,150.0
Lake_Wilson,5007092200,150.0
Lake_Wilson,5007092202,150.0
Lake_Wilson,5007092204,150.0
Lake_Wilson,5007092206,150.0
Lake_Wilson,5007092208,150.0
Lake_Wilson,5007092210,150.0
Lake_Wilson,5007092212,150.0
Lake_Wilson,5007092214,98.79513261109933
Lake_Wilson,5007092216,150.0
Lake_Wilson,5007092218,150.0
Lake_Wilson,5007092220,150.0
Lake_Wilson,5007092222,81.20486738890067
Lake_Wilson,5007102700,150.0
Lake_Wilson,5007102702,150.0
Lake_Wilson,5007102704,150.0
Lake_Wilson,5007102706,150.0
Lake_Wilson,5007102708,150.0
Lake_Wilson,5007102710,128.9332134433794
Lake_Wilson,5007102712,129.13380074867328
Lake_Wilson,5007102714,144.70133258886827
Lake_Wilson,5007102716,150.0
Lake_Wilson,5007102718,86.73727973195952
Lake_Wilson,5007102720,140.49437348711953
Lake_Wilson,5007102722,150.0
Lake_Wilson,5007121500,150.0
Lake_Wilson,5007121502,150.0
Lake_Wilson,5007121504,150.0
Lake_Wilson,5007121506,150.0
Lake_Wilson,5007121508,150.0
Lake_Wilson,5007121510,132.6723635055231
Lake_Wilson,5007121512,138.42090213287327
Lake_Wilson,5007121514,150.0
Lake_Wilson,5007121516,150.0
Lake_Wilson,5007121518,78.54106402994637
Lake_Wilson,5007121520,130.36567033165727
Lake_Wilson,5007121522,150.0
Lake_Wilson,5008022000,0.0
Lake_Wilson,5008022002,51.76528077115563
Lake_Wilson,5008022004,78.32030642632594
Lake_Wilson,5008022006,0.0
Lake_Wilson,5008022008,150.0
Lake_Wilson,5008022010,150.0
Lake_Wilson,5008022012,150.0
Lake_Wilson,5008022014,150.0
Lake_Wilson,5008022016,150.0
Lake_Wilson,5008022018,0.0
Lake_Wilson,5008022020,72.41441280251888
Lake_Wilson,5008022022,150.0
Lake_Wilson,5008041000,71.32537048879965
Lake_Wilson,5008041002,150.0
Lake_Wilson,5008041004,150.0
Lake_Wilson,5008041006,55.26582303971978
Lake_Wilson,5008041008,150.0
Lake_Wilson,5008041010,150.0
Lake_Wilson,5008041012,150.0
Lake_Wilson,5008041014,150.0
Lake_Wilson,5008041016,150.0
Lake_Wilson,5008041018,0.0
Lake_Wilson,5008041020,150.0
Lake_Wilson,5008041022,150.0
Lake_Wilson,5008061700,150.0
Lake_Wilson,5008061702,72.15073836728976
Lake_Wilson,5008061704,142.92772155596884
Lake_Wilson,5008061706,149.4215400767414
Lake_Wilson,5008061708,150.0
Lake_Wilson,5008061710,150.0
Lake_Wilson,5008061712,150.0
Lake_Wilson,5008061714,150.0
Lake_Wilson,5008061716,150.0
Lake_Wilson,5008061718,150.0
Lake_Wilson,5008061720,0.0
Lake_Wilson,5008061722,150.0
Lake_Wilson,5008081800,150.0
Lake_Wilson,5008081802,150.0
Lake_Wilson,5008081804,84.33051439634228
Lake_Wilson,5008081806,24.552772198153505
Lake_Wilson,5008081808,150.0
Lake_Wilson,5008081810,150.0
Lake_Wilson,5008081812,150.0
Lake_Wilson,5008081814,150.0
Lake_Wilson,5008081816,150.0
Lake_Wilson,5008081818,150.0
Lake_Wilson,5008081820,150.0
Lake_Wilson,5008081822,150.0
Lake_Wilson,5008091000,150.0
Lake_Wilson,5008091002,150.0
Lake_Wilson,5008091004,118.24431183910701
Lake_Wilson,5008091006,0.0
Lake_Wilson,5008091008,150.0
Lake_Wilson,5008091010,150.0
Lake_Wilson,5008091012,150.0
Lake_Wilson,5008091014,150.0
Lake_Wilson,5008091016,150.0
Lake_Wilson,5008091018,150.0
Lake_Wilson,5008091020,0.0
Lake_Wilson,5008091022,28.817981719141102
Lake_Wilson,5008112200,150.0
Lake_Wilson,5008112202,132.53413488661397
Lake_Wilson,5008112204,150.0
Lake_Wilson,5008112206,150.0
Lake_Wilson,5008112208,150.0
Lake_Wilson,5008112210,150.0
Lake_Wilson,5008112212,149.99999999999784
Lake_Wilson,5008112214,150.0
Lake_Wilson,5008112216,150.0
Lake_Wilson,5008112218,120.89548512488342
Lake_Wilson,5008112220,150.0
Lake_Wilson,5008112222,76.57037998850427
